2 500 0 999
1 3
1 2
1 4
1 5
1 7
1 6
1 8
2 9 8
1 11
1 10
2 12 13
1 12
1 14
1 15
2 16 17
1 17
2 19 18
1 18
2 21 20
2 20 21
2 23 22
2 22 23
1 25
1 24
2 26 27
2 27 26
1 28
2 29 28
1 30
1 31
1 32
2 32 33
1 34
1 35
1 37
1 36
1 38
2 38 39
1 40
2 41 40
1 42
2 43 42
1 45
1 44
2 47 46
2 47 46
1 49
2 49 48
2 51 50
1 50
1 53
2 53 52
1 54
2 55 54
1 56
1 57
2 58 59
1 59
1 60
2 61 60
2 62 63
2 62 63
2 65 64
1 65
1 67
2 66 67
2 69 68
1 68
2 70 71
2 70 71
1 73
2 72 73
1 75
1 74
2 77 76
2 77 76
2 79 78
2 79 78
1 80
1 81
1 82
2 82 83
1 85
1 84
2 86 87
2 87 86
1 88
1 89
1 90
2 91 90
1 93
2 92 93
2 94 95
1 95
1 96
1 97
1 99
2 99 98
1 101
2 100 101
2 103 102
2 102 103
1 105
1 104
2 106 107
1 107
1 109
2 109 108
1 111
2 110 111
2 113 112
2 113 112
2 114 115
2 114 115
2 116 117
2 116 117
2 119 118
1 119
1 121
1 120
1 122
2 123 122
2 125 124
1 124
2 127 126
1 127
2 129 128
2 129 128
2 130 131
1 130
1 133
1 132
2 135 134
1 134
1 137
1 136
2 138 139
2 138 139
1 140
1 141
2 143 142
2 143 142
1 144
1 145
1 146
2 147 146
2 149 148
1 149
1 150
2 151 150
2 152 153
1 153
1 154
1 155
2 157 156
1 156
1 159
1 158
1 161
2 160 161
2 162 163
1 163
1 165
1 164
2 166 167
1 167
1 169
2 168 169
1 171
2 170 171
1 172
2 172 173
2 175 174
1 175
1 177
2 177 176
1 178
1 179
1 181
1 180
2 183 182
2 182 183
2 184 185
1 185
1 186
1 187
1 188
2 189 188
2 191 190
2 190 191
1 193
2 192 193
1 195
2 195 194
1 197
2 196 197
1 198
1 199
2 200 201
2 201 200
2 203 202
2 202 203
1 205
1 204
1 206
1 207
1 209
1 208
2 211 210
1 211
1 213
2 213 212
1 214
1 215
2 216 217
1 216
2 218 219
2 218 219
1 220
1 221
1 223
1 222
1 225
1 224
2 226 227
2 227 226
1 229
2 229 228
1 230
2 231 230
2 233 232
2 232 233
2 234 235
1 235
1 237
1 236
1 239
2 238 239
2 241 240
1 241
1 243
1 242
1 245
1 244
2 246 247
2 246 247
1 248
2 248 249
2 250 251
2 250 251
1 252
2 252 253
1 255
1 254
1 256
2 257 256
1 258
1 259
2 261 260
2 260 261
1 263
1 262
2 265 264
2 265 264
2 266 267
1 266
2 268 269
2 268 269
1 270
2 270 271
2 272 273
2 273 272
1 275
2 274 275
1 276
1 277
1 279
1 278
1 281
2 280 281
2 282 283
2 283 282
2 284 285
2 285 284
1 287
2 286 287
2 288 289
1 289
2 291 290
1 290
2 293 292
2 293 292
2 295 294
2 294 295
1 297
1 296
2 299 298
1 298
2 301 300
1 300
2 303 302
2 303 302
1 304
1 305
2 306 307
2 307 306
2 309 308
1 308
2 310 311
2 311 310
1 312
1 313
1 314
2 315 314
1 317
1 316
1 319
2 319 318
1 321
1 320
1 322
1 323
2 324 325
1 325
1 327
1 326
1 329
1 328
1 331
2 330 331
2 332 333
1 332
2 334 335
2 334 335
1 337
1 336
2 338 339
1 339
1 340
2 341 340
1 342
1 343
2 345 344
2 345 344
2 347 346
2 347 346
2 349 348
1 348
1 351
1 350
1 353
2 353 352
1 354
2 355 354
1 357
2 357 356
1 359
2 359 358
2 361 360
2 361 360
1 363
1 362
1 364
1 365
1 367
1 366
2 369 368
1 369
2 370 371
1 370
2 372 373
1 373
2 375 374
1 375
1 377
1 376
1 378
1 379
2 380 381
1 380
2 383 382
1 382
1 384
2 385 384
1 387
2 387 386
2 388 389
1 388
1 390
1 391
2 393 392
1 392
2 395 394
1 395
1 396
2 396 397
2 399 398
1 398
1 401
1 400
1 403
2 402 403
1 405
1 404
1 406
1 407
1 408
2 408 409
1 411
2 410 411
1 413
1 412
2 414 415
1 415
1 416
2 416 417
2 418 419
1 419
2 421 420
2 421 420
2 422 423
1 423
1 424
1 425
1 426
2 427 426
2 429 428
1 428
1 430
1 431
1 433
1 432
2 434 435
1 435
2 437 436
1 436
2 439 438
2 438 439
2 440 441
1 441
2 443 442
1 442
2 445 444
2 444 445
1 446
1 447
2 449 448
1 449
2 450 451
1 450
1 452
2 453 452
2 455 454
2 454 455
2 456 457
2 457 456
2 459 458
1 459
2 461 460
2 460 461
2 463 462
1 463
1 464
1 465
1 467
2 466 467
1 468
1 469
1 470
1 471
1 472
2 472 473
2 474 475
1 475
1 476
1 477
1 478
1 479
1 480
2 480 481
2 483 482
2 483 482
2 485 484
1 485
2 487 486
2 486 487
2 488 489
1 489
2 490 491
1 490
2 492 493
1 492
1 495
1 494
2 497 496
2 497 496
1 499
1 498
1 500
1 501
2 502 503
2 503 502
2 504 505
2 505 504
2 506 507
1 506
2 509 508
2 508 509
2 511 510
2 511 510
1 512
1 513
2 514 515
1 515
1 516
2 517 516
2 518 519
2 519 518
2 520 521
1 521
1 523
2 523 522
1 524
1 525
2 526 527
1 526
1 529
2 528 529
1 530
2 530 531
2 532 533
1 532
2 534 535
1 535
1 536
2 536 537
1 538
1 539
1 540
1 541
1 543
1 542
1 545
1 544
2 547 546
2 546 547
2 548 549
1 549
2 551 550
2 550 551
1 552
2 552 553
1 555
2 554 555
2 557 556
2 556 557
2 558 559
2 559 558
2 561 560
1 560
1 563
1 562
2 565 564
1 565
2 566 567
1 567
2 568 569
1 569
1 570
2 571 570
2 573 572
2 572 573
1 575
2 574 575
1 577
2 577 576
2 579 578
2 579 578
2 580 581
2 581 580
2 582 583
1 582
2 584 585
1 584
1 587
1 586
1 588
2 589 588
1 591
1 590
2 592 593
1 592
1 595
2 595 594
1 596
2 597 596
2 598 599
2 598 599
1 601
2 601 600
2 603 602
1 602
1 605
1 604
2 607 606
2 606 607
2 609 608
2 608 609
1 611
2 610 611
2 613 612
1 612
1 615
1 614
2 616 617
1 617
1 618
2 618 619
2 620 621
1 621
1 623
2 623 622
1 625
1 624
1 626
1 627
1 628
2 628 629
2 631 630
2 631 630
1 633
1 632
2 634 635
1 634
1 636
1 637
1 638
1 639
1 641
1 640
2 643 642
1 643
1 644
1 645
2 647 646
2 646 647
1 649
1 648
2 650 651
1 650
1 652
1 653
1 655
2 654 655
1 657
2 657 656
1 658
1 659
2 660 661
2 660 661
1 663
1 662
1 664
1 665
1 666
2 667 666
2 668 669
1 668
1 671
1 670
2 673 672
2 672 673
1 674
1 675
1 677
1 676
2 679 678
2 678 679
2 681 680
2 681 680
1 683
1 682
1 684
1 685
2 687 686
1 687
1 689
2 688 689
1 691
1 690
2 692 693
1 692
1 694
1 695
2 696 697
2 696 697
1 699
1 698
1 701
2 701 700
1 702
2 703 702
1 704
2 704 705
1 706
1 707
2 708 709
1 708
1 710
1 711
1 712
1 713
1 715
1 714
2 716 717
2 716 717
2 718 719
1 719
1 720
2 721 720
1 722
1 723
2 725 724
1 724
1 726
1 727
1 729
2 728 729
2 731 730
2 730 731
1 733
2 732 733
1 735
2 734 735
1 737
1 736
1 739
1 738
1 741
1 740
1 742
2 742 743
2 745 744
1 744
2 747 746
1 746
2 749 748
2 749 748
2 751 750
1 751
2 753 752
2 753 752
2 754 755
1 755
1 756
2 757 756
1 758
1 759
1 760
2 760 761
1 762
2 763 762
2 764 765
1 765
1 766
2 767 766
1 769
2 769 768
1 771
2 771 770
1 772
1 773
2 774 775
1 775
1 777
2 777 776
2 778 779
1 779
1 780
1 781
1 782
2 783 782
2 785 784
2 784 785
2 787 786
2 787 786
2 788 789
2 788 789
2 790 791
1 791
2 793 792
1 793
1 794
1 795
2 797 796
2 797 796
1 798
1 799
2 801 800
1 801
1 802
2 803 802
1 804
1 805
1 806
2 807 806
1 808
2 809 808
2 811 810
1 811
1 812
1 813
1 815
2 815 814
1 816
2 817 816
2 819 818
1 819
2 821 820
1 820
2 822 823
2 823 822
2 824 825
2 824 825
1 827
1 826
2 829 828
2 829 828
2 830 831
1 831
2 833 832
2 833 832
2 835 834
1 834
2 836 837
1 837
2 838 839
1 838
2 840 841
1 841
1 843
2 843 842
2 845 844
1 845
1 846
1 847
2 848 849
2 849 848
2 850 851
1 851
1 853
1 852
2 854 855
1 855
1 857
2 857 856
2 858 859
1 859
2 860 861
1 860
2 863 862
1 863
1 865
1 864
2 867 866
1 867
1 868
2 869 868
2 870 871
2 870 871
1 872
1 873
2 875 874
2 874 875
2 876 877
2 877 876
2 878 879
2 878 879
2 880 881
1 881
2 882 883
1 882
1 884
2 885 884
1 886
2 886 887
1 889
2 888 889
2 891 890
2 890 891
1 892
2 892 893
2 894 895
1 895
1 897
1 896
2 899 898
1 898
1 900
1 901
2 902 903
1 903
1 904
1 905
1 907
2 906 907
1 908
1 909
2 911 910
1 911
1 913
1 912
1 915
2 914 915
2 917 916
1 917
1 919
1 918
1 920
1 921
2 922 923
1 923
2 924 925
1 924
1 927
1 926
2 928 929
2 929 928
2 931 930
1 931
2 933 932
1 933
2 935 934
2 934 935
2 936 937
1 936
1 938
1 939
1 941
1 940
1 942
2 942 943
1 944
2 944 945
1 947
1 946
2 949 948
2 948 949
1 951
1 950
1 952
2 952 953
1 954
2 954 955
2 957 956
2 957 956
2 959 958
2 958 959
1 960
1 961
2 963 962
2 963 962
2 964 965
1 964
2 967 966
1 967
1 968
2 968 969
1 971
1 970
2 972 973
2 973 972
1 975
1 974
2 977 976
1 976
2 978 979
2 978 979
2 981 980
2 980 981
1 983
1 982
1 985
1 984
2 987 986
2 986 987
2 988 989
2 989 988
2 991 990
2 991 990
1 993
1 992
1 995
2 994 995
1 997
2 997 996
1 999
1 998
