2 501 1 1001
2 3 2
2 3 2
2 4 5
2 5 4
2 7 6
2 7 6
2 8 9
2 9 8
2 11 10
2 11 10
2 13 12
2 13 12
2 14 15
2 14 15
2 17 16
2 17 16
2 19 18
2 19 18
2 20 21
2 20 21
2 22 23
2 23 22
2 24 25
2 24 25
2 26 27
2 27 26
2 28 29
2 28 29
2 30 31
2 30 31
2 33 32
2 33 32
2 34 35
2 34 35
2 36 37
2 36 37
2 39 38
2 38 39
2 40 41
2 40 41
2 43 42
2 43 42
2 45 44
2 44 45
2 47 46
2 46 47
2 48 49
2 49 48
2 50 51
2 50 51
2 53 52
2 53 52
2 55 54
2 55 54
2 57 56
2 56 57
2 58 59
2 59 58
2 61 60
2 60 61
2 62 63
2 62 63
2 65 64
2 65 64
2 67 66
2 67 66
2 69 68
2 69 68
2 70 71
2 70 71
2 72 73
2 72 73
2 75 74
2 74 75
2 77 76
2 76 77
2 79 78
2 78 79
2 80 81
2 81 80
2 82 83
2 82 83
2 84 85
2 84 85
2 87 86
2 87 86
2 89 88
2 88 89
2 91 90
2 90 91
2 93 92
2 92 93
2 95 94
2 94 95
2 97 96
2 97 96
2 99 98
2 98 99
2 101 100
2 100 101
2 103 102
2 103 102
2 105 104
2 104 105
2 106 107
2 106 107
2 108 109
2 109 108
2 110 111
2 110 111
2 112 113
2 112 113
2 114 115
2 114 115
2 116 117
2 116 117
2 118 119
2 119 118
2 120 121
2 120 121
2 122 123
2 123 122
2 124 125
2 124 125
2 126 127
2 127 126
2 129 128
2 128 129
2 130 131
2 130 131
2 133 132
2 132 133
2 135 134
2 134 135
2 136 137
2 137 136
2 139 138
2 138 139
2 140 141
2 141 140
2 142 143
2 142 143
2 144 145
2 144 145
2 146 147
2 147 146
2 149 148
2 149 148
2 150 151
2 150 151
2 153 152
2 152 153
2 155 154
2 155 154
2 156 157
2 157 156
2 158 159
2 158 159
2 160 161
2 160 161
2 163 162
2 163 162
2 165 164
2 165 164
2 166 167
2 167 166
2 169 168
2 169 168
2 170 171
2 171 170
2 172 173
2 172 173
2 175 174
2 174 175
2 177 176
2 176 177
2 179 178
2 178 179
2 180 181
2 180 181
2 183 182
2 182 183
2 184 185
2 185 184
2 187 186
2 186 187
2 189 188
2 189 188
2 190 191
2 191 190
2 192 193
2 192 193
2 195 194
2 195 194
2 196 197
2 196 197
2 199 198
2 199 198
2 201 200
2 201 200
2 202 203
2 203 202
2 205 204
2 204 205
2 206 207
2 206 207
2 209 208
2 209 208
2 211 210
2 210 211
2 212 213
2 213 212
2 215 214
2 214 215
2 216 217
2 217 216
2 218 219
2 219 218
2 221 220
2 220 221
2 222 223
2 222 223
2 224 225
2 225 224
2 226 227
2 226 227
2 229 228
2 228 229
2 230 231
2 230 231
2 232 233
2 233 232
2 234 235
2 235 234
2 236 237
2 236 237
2 239 238
2 238 239
2 241 240
2 241 240
2 243 242
2 242 243
2 245 244
2 245 244
2 247 246
2 247 246
2 248 249
2 248 249
2 251 250
2 250 251
2 252 253
2 252 253
2 255 254
2 254 255
2 256 257
2 256 257
2 259 258
2 258 259
2 260 261
2 260 261
2 262 263
2 262 263
2 265 264
2 264 265
2 266 267
2 267 266
2 268 269
2 269 268
2 271 270
2 271 270
2 273 272
2 273 272
2 275 274
2 275 274
2 277 276
2 276 277
2 279 278
2 278 279
2 281 280
2 280 281
2 283 282
2 283 282
2 285 284
2 285 284
2 286 287
2 287 286
2 289 288
2 288 289
2 291 290
2 291 290
2 292 293
2 293 292
2 295 294
2 295 294
2 296 297
2 297 296
2 299 298
2 299 298
2 300 301
2 301 300
2 303 302
2 302 303
2 305 304
2 305 304
2 307 306
2 306 307
2 309 308
2 308 309
2 311 310
2 311 310
2 312 313
2 313 312
2 314 315
2 315 314
2 316 317
2 316 317
2 318 319
2 319 318
2 320 321
2 320 321
2 322 323
2 322 323
2 325 324
2 325 324
2 327 326
2 326 327
2 329 328
2 329 328
2 330 331
2 331 330
2 333 332
2 332 333
2 335 334
2 335 334
2 336 337
2 336 337
2 338 339
2 338 339
2 340 341
2 341 340
2 343 342
2 342 343
2 344 345
2 344 345
2 347 346
2 346 347
2 349 348
2 349 348
2 351 350
2 351 350
2 352 353
2 352 353
2 354 355
2 354 355
2 356 357
2 356 357
2 359 358
2 359 358
2 360 361
2 360 361
2 363 362
2 362 363
2 365 364
2 365 364
2 366 367
2 367 366
2 369 368
2 369 368
2 370 371
2 371 370
2 372 373
2 373 372
2 375 374
2 374 375
2 376 377
2 377 376
2 379 378
2 379 378
2 380 381
2 381 380
2 382 383
2 382 383
2 385 384
2 384 385
2 386 387
2 387 386
2 388 389
2 388 389
2 391 390
2 390 391
2 392 393
2 392 393
2 395 394
2 395 394
2 396 397
2 397 396
2 398 399
2 398 399
2 401 400
2 400 401
2 403 402
2 403 402
2 405 404
2 405 404
2 406 407
2 406 407
2 409 408
2 409 408
2 410 411
2 411 410
2 413 412
2 413 412
2 415 414
2 414 415
2 417 416
2 417 416
2 419 418
2 418 419
2 420 421
2 421 420
2 423 422
2 422 423
2 425 424
2 424 425
2 426 427
2 427 426
2 429 428
2 428 429
2 430 431
2 430 431
2 433 432
2 433 432
2 434 435
2 435 434
2 436 437
2 436 437
2 438 439
2 439 438
2 441 440
2 440 441
2 443 442
2 443 442
2 445 444
2 445 444
2 446 447
2 446 447
2 449 448
2 449 448
2 450 451
2 450 451
2 453 452
2 453 452
2 455 454
2 455 454
2 457 456
2 456 457
2 458 459
2 459 458
2 460 461
2 461 460
2 462 463
2 462 463
2 464 465
2 464 465
2 467 466
2 467 466
2 469 468
2 468 469
2 470 471
2 470 471
2 472 473
2 472 473
2 475 474
2 475 474
2 477 476
2 477 476
2 479 478
2 479 478
2 481 480
2 481 480
2 482 483
2 482 483
2 484 485
2 484 485
2 487 486
2 487 486
2 489 488
2 489 488
2 490 491
2 490 491
2 493 492
2 492 493
2 494 495
2 495 494
2 496 497
2 497 496
2 499 498
2 499 498
2 501 500
2 501 500
2 502 503
2 503 502
2 504 505
2 504 505
2 506 507
2 506 507
2 509 508
2 509 508
2 510 511
2 510 511
2 513 512
2 513 512
2 514 515
2 515 514
2 517 516
2 516 517
2 518 519
2 519 518
2 521 520
2 521 520
2 522 523
2 522 523
2 524 525
2 525 524
2 527 526
2 526 527
2 528 529
2 529 528
2 530 531
2 531 530
2 532 533
2 532 533
2 534 535
2 535 534
2 537 536
2 536 537
2 538 539
2 539 538
2 540 541
2 540 541
2 542 543
2 543 542
2 544 545
2 545 544
2 546 547
2 546 547
2 548 549
2 548 549
2 551 550
2 550 551
2 552 553
2 552 553
2 555 554
2 555 554
2 557 556
2 556 557
2 559 558
2 558 559
2 561 560
2 560 561
2 562 563
2 563 562
2 565 564
2 564 565
2 567 566
2 566 567
2 569 568
2 568 569
2 571 570
2 571 570
2 572 573
2 573 572
2 574 575
2 574 575
2 577 576
2 577 576
2 578 579
2 579 578
2 581 580
2 580 581
2 582 583
2 582 583
2 585 584
2 584 585
2 587 586
2 586 587
2 588 589
2 589 588
2 590 591
2 590 591
2 593 592
2 593 592
2 595 594
2 595 594
2 596 597
2 596 597
2 599 598
2 598 599
2 601 600
2 601 600
2 603 602
2 603 602
2 605 604
2 605 604
2 607 606
2 606 607
2 608 609
2 608 609
2 611 610
2 611 610
2 612 613
2 612 613
2 614 615
2 615 614
2 617 616
2 617 616
2 619 618
2 618 619
2 621 620
2 620 621
2 623 622
2 623 622
2 625 624
2 625 624
2 627 626
2 627 626
2 629 628
2 628 629
2 630 631
2 630 631
2 632 633
2 633 632
2 635 634
2 634 635
2 637 636
2 637 636
2 638 639
2 638 639
2 640 641
2 641 640
2 643 642
2 643 642
2 644 645
2 645 644
2 646 647
2 646 647
2 649 648
2 649 648
2 651 650
2 651 650
2 653 652
2 652 653
2 655 654
2 654 655
2 656 657
2 657 656
2 659 658
2 659 658
2 660 661
2 661 660
2 662 663
2 662 663
2 665 664
2 664 665
2 666 667
2 666 667
2 668 669
2 668 669
2 670 671
2 671 670
2 672 673
2 672 673
2 675 674
2 675 674
2 677 676
2 676 677
2 679 678
2 678 679
2 681 680
2 680 681
2 682 683
2 683 682
2 684 685
2 685 684
2 686 687
2 686 687
2 689 688
2 689 688
2 691 690
2 690 691
2 692 693
2 692 693
2 694 695
2 694 695
2 696 697
2 697 696
2 699 698
2 699 698
2 701 700
2 701 700
2 702 703
2 702 703
2 705 704
2 705 704
2 707 706
2 706 707
2 708 709
2 708 709
2 711 710
2 710 711
2 713 712
2 713 712
2 715 714
2 714 715
2 717 716
2 716 717
2 718 719
2 719 718
2 721 720
2 721 720
2 723 722
2 723 722
2 725 724
2 725 724
2 726 727
2 726 727
2 728 729
2 728 729
2 731 730
2 731 730
2 733 732
2 732 733
2 735 734
2 735 734
2 736 737
2 736 737
2 738 739
2 739 738
2 740 741
2 740 741
2 743 742
2 742 743
2 745 744
2 745 744
2 747 746
2 747 746
2 749 748
2 748 749
2 750 751
2 750 751
2 752 753
2 752 753
2 755 754
2 754 755
2 757 756
2 756 757
2 758 759
2 758 759
2 761 760
2 761 760
2 763 762
2 763 762
2 765 764
2 765 764
2 766 767
2 767 766
2 768 769
2 769 768
2 771 770
2 771 770
2 773 772
2 773 772
2 774 775
2 775 774
2 776 777
2 777 776
2 778 779
2 779 778
2 781 780
2 781 780
2 782 783
2 783 782
2 785 784
2 784 785
2 786 787
2 786 787
2 788 789
2 789 788
2 790 791
2 791 790
2 792 793
2 792 793
2 795 794
2 795 794
2 797 796
2 796 797
2 798 799
2 798 799
2 800 801
2 800 801
2 802 803
2 802 803
2 804 805
2 805 804
2 807 806
2 806 807
2 809 808
2 808 809
2 810 811
2 810 811
2 813 812
2 813 812
2 815 814
2 815 814
2 817 816
2 817 816
2 819 818
2 819 818
2 820 821
2 820 821
2 823 822
2 823 822
2 825 824
2 824 825
2 826 827
2 826 827
2 828 829
2 829 828
2 831 830
2 831 830
2 832 833
2 833 832
2 834 835
2 835 834
2 837 836
2 837 836
2 839 838
2 839 838
2 841 840
2 841 840
2 842 843
2 843 842
2 844 845
2 844 845
2 847 846
2 847 846
2 849 848
2 848 849
2 851 850
2 851 850
2 852 853
2 852 853
2 855 854
2 854 855
2 857 856
2 857 856
2 858 859
2 859 858
2 861 860
2 860 861
2 862 863
2 863 862
2 865 864
2 865 864
2 866 867
2 866 867
2 868 869
2 869 868
2 871 870
2 871 870
2 872 873
2 872 873
2 874 875
2 874 875
2 876 877
2 876 877
2 878 879
2 879 878
2 880 881
2 881 880
2 882 883
2 883 882
2 884 885
2 884 885
2 887 886
2 887 886
2 889 888
2 888 889
2 890 891
2 890 891
2 893 892
2 892 893
2 894 895
2 894 895
2 897 896
2 896 897
2 899 898
2 899 898
2 900 901
2 900 901
2 903 902
2 903 902
2 904 905
2 904 905
2 907 906
2 906 907
2 908 909
2 908 909
2 910 911
2 911 910
2 912 913
2 913 912
2 915 914
2 914 915
2 917 916
2 916 917
2 919 918
2 919 918
2 921 920
2 921 920
2 923 922
2 923 922
2 925 924
2 924 925
2 927 926
2 926 927
2 928 929
2 929 928
2 931 930
2 930 931
2 932 933
2 933 932
2 934 935
2 934 935
2 937 936
2 936 937
2 939 938
2 939 938
2 941 940
2 941 940
2 943 942
2 943 942
2 944 945
2 944 945
2 947 946
2 947 946
2 949 948
2 949 948
2 951 950
2 950 951
2 953 952
2 952 953
2 955 954
2 954 955
2 957 956
2 956 957
2 958 959
2 959 958
2 960 961
2 961 960
2 963 962
2 962 963
2 965 964
2 964 965
2 967 966
2 966 967
2 968 969
2 968 969
2 971 970
2 971 970
2 972 973
2 972 973
2 974 975
2 974 975
2 977 976
2 976 977
2 979 978
2 979 978
2 981 980
2 980 981
2 983 982
2 983 982
2 984 985
2 984 985
2 987 986
2 986 987
2 988 989
2 989 988
2 991 990
2 990 991
2 993 992
2 993 992
2 995 994
2 995 994
2 997 996
2 996 997
2 999 998
2 999 998
2 1001 1000
2 1001 1000
