2 999 0 1996
2 3 2
2 3 2
2 4 5
2 5 4
2 7 6
2 7 6
2 9 8
2 9 8
2 11 10
2 11 10
2 13 12
2 13 12
2 15 14
2 15 14
2 17 16
2 16 17
2 19 18
2 19 18
2 21 20
2 20 21
2 23 22
2 22 23
2 25 24
2 25 24
2 26 27
2 26 27
2 28 29
2 28 29
2 30 31
2 30 31
2 32 33
2 33 32
2 34 35
2 35 34
2 37 36
2 36 37
2 39 38
2 39 38
2 41 40
2 40 41
2 42 43
2 42 43
2 45 44
2 44 45
2 46 47
2 46 47
2 48 49
2 49 48
2 50 51
2 51 50
2 53 52
2 52 53
2 54 55
2 54 55
2 56 57
2 57 56
2 58 59
2 59 58
2 61 60
2 60 61
2 62 63
2 62 63
2 65 64
2 65 64
2 67 66
2 67 66
2 69 68
2 68 69
2 71 70
2 71 70
2 73 72
2 72 73
2 75 74
2 75 74
2 76 77
2 76 77
2 78 79
2 79 78
2 81 80
2 81 80
2 82 83
2 83 82
2 84 85
2 85 84
2 86 87
2 87 86
2 88 89
2 88 89
2 90 91
2 90 91
2 92 93
2 92 93
2 94 95
2 94 95
2 97 96
2 97 96
2 98 99
2 98 99
2 100 101
2 101 100
2 103 102
2 103 102
2 104 105
2 104 105
2 107 106
2 107 106
2 109 108
2 109 108
2 110 111
2 110 111
2 113 112
2 112 113
2 115 114
2 115 114
2 116 117
2 117 116
2 119 118
2 119 118
2 121 120
2 121 120
2 123 122
2 122 123
2 125 124
2 124 125
2 127 126
2 126 127
2 128 129
2 128 129
2 130 131
2 131 130
2 132 133
2 133 132
2 135 134
2 135 134
2 136 137
2 136 137
2 138 139
2 139 138
2 141 140
2 140 141
2 142 143
2 143 142
2 145 144
2 144 145
2 146 147
2 146 147
2 149 148
2 149 148
2 150 151
2 151 150
2 153 152
2 152 153
2 155 154
2 155 154
2 157 156
2 156 157
2 159 158
2 158 159
2 161 160
2 161 160
2 162 163
2 162 163
2 164 165
2 164 165
2 167 166
2 166 167
2 169 168
2 169 168
2 170 171
2 171 170
2 173 172
2 172 173
2 175 174
2 175 174
2 177 176
2 176 177
2 179 178
2 179 178
2 180 181
2 180 181
2 183 182
2 183 182
2 184 185
2 184 185
2 187 186
2 186 187
2 188 189
2 188 189
2 190 191
2 191 190
2 193 192
2 192 193
2 194 195
2 195 194
2 197 196
2 196 197
2 199 198
2 199 198
2 201 200
2 200 201
2 203 202
2 202 203
2 205 204
2 204 205
2 207 206
2 206 207
2 209 208
2 208 209
2 210 211
2 210 211
2 213 212
2 213 212
2 215 214
2 215 214
2 217 216
2 216 217
2 218 219
2 219 218
2 221 220
2 221 220
2 223 222
2 222 223
2 224 225
2 225 224
2 226 227
2 227 226
2 229 228
2 229 228
2 231 230
2 231 230
2 232 233
2 232 233
2 235 234
2 234 235
2 237 236
2 237 236
2 239 238
2 239 238
2 240 241
2 240 241
2 243 242
2 242 243
2 244 245
2 244 245
2 246 247
2 246 247
2 248 249
2 249 248
2 250 251
2 251 250
2 252 253
2 252 253
2 254 255
2 255 254
2 257 256
2 256 257
2 258 259
2 258 259
2 260 261
2 261 260
2 262 263
2 262 263
2 265 264
2 264 265
2 266 267
2 266 267
2 268 269
2 268 269
2 271 270
2 271 270
2 272 273
2 272 273
2 275 274
2 275 274
2 276 277
2 277 276
2 279 278
2 278 279
2 280 281
2 280 281
2 282 283
2 282 283
2 284 285
2 285 284
2 286 287
2 286 287
2 289 288
2 289 288
2 290 291
2 291 290
2 292 293
2 292 293
2 294 295
2 295 294
2 297 296
2 296 297
2 299 298
2 299 298
2 301 300
2 301 300
2 302 303
2 303 302
2 305 304
2 304 305
2 307 306
2 307 306
2 309 308
2 309 308
2 310 311
2 311 310
2 313 312
2 313 312
2 315 314
2 314 315
2 317 316
2 317 316
2 319 318
2 318 319
2 320 321
2 320 321
2 323 322
2 322 323
2 324 325
2 324 325
2 326 327
2 326 327
2 329 328
2 329 328
2 330 331
2 330 331
2 332 333
2 333 332
2 335 334
2 335 334
2 337 336
2 337 336
2 339 338
2 339 338
2 341 340
2 340 341
2 343 342
2 342 343
2 345 344
2 344 345
2 346 347
2 347 346
2 348 349
2 348 349
2 351 350
2 351 350
2 353 352
2 352 353
2 355 354
2 355 354
2 357 356
2 357 356
2 358 359
2 359 358
2 360 361
2 361 360
2 362 363
2 363 362
2 365 364
2 364 365
2 367 366
2 367 366
2 369 368
2 368 369
2 371 370
2 371 370
2 373 372
2 373 372
2 375 374
2 375 374
2 376 377
2 376 377
2 378 379
2 379 378
2 381 380
2 381 380
2 382 383
2 382 383
2 384 385
2 385 384
2 386 387
2 386 387
2 389 388
2 389 388
2 390 391
2 391 390
2 393 392
2 393 392
2 394 395
2 395 394
2 397 396
2 397 396
2 398 399
2 399 398
2 400 401
2 400 401
2 402 403
2 403 402
2 405 404
2 405 404
2 407 406
2 407 406
2 408 409
2 409 408
2 411 410
2 410 411
2 413 412
2 412 413
2 415 414
2 415 414
2 417 416
2 417 416
2 419 418
2 418 419
2 421 420
2 421 420
2 422 423
2 423 422
2 425 424
2 425 424
2 427 426
2 426 427
2 428 429
2 428 429
2 431 430
2 430 431
2 433 432
2 432 433
2 434 435
2 435 434
2 436 437
2 436 437
2 439 438
2 439 438
2 440 441
2 440 441
2 443 442
2 442 443
2 445 444
2 445 444
2 446 447
2 446 447
2 449 448
2 448 449
2 451 450
2 450 451
2 452 453
2 452 453
2 454 455
2 454 455
2 457 456
2 457 456
2 459 458
2 458 459
2 461 460
2 460 461
2 463 462
2 462 463
2 464 465
2 465 464
2 466 467
2 466 467
2 469 468
2 468 469
2 470 471
2 471 470
2 473 472
2 472 473
2 475 474
2 474 475
2 476 477
2 476 477
2 479 478
2 479 478
2 481 480
2 481 480
2 482 483
2 482 483
2 484 485
2 485 484
2 486 487
2 487 486
2 489 488
2 488 489
2 491 490
2 490 491
2 492 493
2 493 492
2 494 495
2 495 494
2 497 496
2 497 496
2 498 499
2 498 499
2 500 501
2 500 501
2 502 503
2 503 502
2 504 505
2 505 504
2 507 506
2 506 507
2 508 509
2 508 509
2 511 510
2 510 511
2 513 512
2 513 512
2 515 514
2 514 515
2 516 517
2 517 516
2 518 519
2 519 518
2 521 520
2 521 520
2 522 523
2 522 523
2 525 524
2 524 525
2 527 526
2 527 526
2 528 529
2 529 528
2 531 530
2 531 530
2 532 533
2 533 532
2 535 534
2 534 535
2 537 536
2 537 536
2 539 538
2 539 538
2 540 541
2 540 541
2 542 543
2 543 542
2 545 544
2 544 545
2 546 547
2 546 547
2 549 548
2 549 548
2 551 550
2 550 551
2 552 553
2 553 552
2 555 554
2 555 554
2 556 557
2 556 557
2 559 558
2 559 558
2 560 561
2 560 561
2 563 562
2 562 563
2 564 565
2 565 564
2 566 567
2 567 566
2 568 569
2 569 568
2 571 570
2 571 570
2 572 573
2 573 572
2 575 574
2 575 574
2 576 577
2 576 577
2 579 578
2 579 578
2 580 581
2 581 580
2 583 582
2 583 582
2 585 584
2 584 585
2 586 587
2 587 586
2 588 589
2 589 588
2 591 590
2 590 591
2 593 592
2 593 592
2 595 594
2 595 594
2 596 597
2 597 596
2 598 599
2 599 598
2 600 601
2 600 601
2 603 602
2 603 602
2 604 605
2 605 604
2 606 607
2 607 606
2 608 609
2 609 608
2 611 610
2 611 610
2 612 613
2 612 613
2 615 614
2 614 615
2 616 617
2 616 617
2 618 619
2 618 619
2 620 621
2 620 621
2 622 623
2 622 623
2 625 624
2 624 625
2 627 626
2 627 626
2 629 628
2 629 628
2 631 630
2 631 630
2 632 633
2 632 633
2 634 635
2 634 635
2 637 636
2 637 636
2 638 639
2 638 639
2 641 640
2 640 641
2 642 643
2 643 642
2 645 644
2 645 644
2 646 647
2 647 646
2 649 648
2 649 648
2 651 650
2 650 651
2 653 652
2 653 652
2 654 655
2 654 655
2 657 656
2 657 656
2 659 658
2 659 658
2 660 661
2 660 661
2 663 662
2 663 662
2 664 665
2 665 664
2 667 666
2 667 666
2 669 668
2 669 668
2 671 670
2 671 670
2 672 673
2 673 672
2 674 675
2 675 674
2 677 676
2 677 676
2 679 678
2 678 679
2 680 681
2 681 680
2 683 682
2 682 683
2 685 684
2 684 685
2 687 686
2 687 686
2 689 688
2 688 689
2 691 690
2 690 691
2 693 692
2 692 693
2 694 695
2 694 695
2 697 696
2 697 696
2 698 699
2 699 698
2 701 700
2 700 701
2 703 702
2 702 703
2 705 704
2 704 705
2 707 706
2 707 706
2 709 708
2 709 708
2 710 711
2 711 710
2 713 712
2 712 713
2 714 715
2 714 715
2 717 716
2 717 716
2 719 718
2 718 719
2 720 721
2 721 720
2 723 722
2 722 723
2 725 724
2 724 725
2 726 727
2 726 727
2 729 728
2 729 728
2 731 730
2 730 731
2 732 733
2 733 732
2 734 735
2 735 734
2 736 737
2 737 736
2 738 739
2 738 739
2 740 741
2 740 741
2 743 742
2 742 743
2 744 745
2 745 744
2 747 746
2 746 747
2 748 749
2 748 749
2 751 750
2 750 751
2 753 752
2 752 753
2 754 755
2 755 754
2 756 757
2 756 757
2 759 758
2 759 758
2 761 760
2 761 760
2 763 762
2 763 762
2 765 764
2 764 765
2 767 766
2 767 766
2 768 769
2 768 769
2 770 771
2 771 770
2 773 772
2 772 773
2 775 774
2 775 774
2 777 776
2 776 777
2 778 779
2 778 779
2 781 780
2 780 781
2 783 782
2 782 783
2 784 785
2 784 785
2 786 787
2 787 786
2 789 788
2 788 789
2 790 791
2 791 790
2 792 793
2 793 792
2 794 795
2 794 795
2 797 796
2 796 797
2 798 799
2 798 799
2 800 801
2 800 801
2 802 803
2 803 802
2 804 805
2 805 804
2 806 807
2 807 806
2 808 809
2 808 809
2 811 810
2 811 810
2 813 812
2 812 813
2 814 815
2 815 814
2 816 817
2 816 817
2 819 818
2 819 818
2 821 820
2 821 820
2 822 823
2 823 822
2 825 824
2 825 824
2 826 827
2 827 826
2 828 829
2 829 828
2 830 831
2 830 831
2 832 833
2 832 833
2 834 835
2 835 834
2 837 836
2 837 836
2 838 839
2 839 838
2 840 841
2 840 841
2 843 842
2 843 842
2 845 844
2 844 845
2 846 847
2 846 847
2 849 848
2 849 848
2 850 851
2 850 851
2 853 852
2 853 852
2 855 854
2 854 855
2 856 857
2 857 856
2 859 858
2 859 858
2 861 860
2 861 860
2 863 862
2 863 862
2 864 865
2 865 864
2 866 867
2 867 866
2 868 869
2 869 868
2 871 870
2 871 870
2 873 872
2 873 872
2 875 874
2 875 874
2 877 876
2 876 877
2 878 879
2 878 879
2 880 881
2 880 881
2 882 883
2 882 883
2 885 884
2 885 884
2 887 886
2 886 887
2 889 888
2 889 888
2 891 890
2 890 891
2 892 893
2 892 893
2 895 894
2 895 894
2 897 896
2 897 896
2 899 898
2 898 899
2 900 901
2 901 900
2 903 902
2 902 903
2 905 904
2 904 905
2 907 906
2 907 906
2 909 908
2 908 909
2 910 911
2 911 910
2 913 912
2 913 912
2 914 915
2 914 915
2 916 917
2 917 916
2 919 918
2 919 918
2 921 920
2 920 921
2 923 922
2 922 923
2 924 925
2 925 924
2 926 927
2 927 926
2 929 928
2 928 929
2 931 930
2 930 931
2 933 932
2 932 933
2 934 935
2 935 934
2 937 936
2 937 936
2 938 939
2 939 938
2 940 941
2 941 940
2 942 943
2 943 942
2 945 944
2 944 945
2 947 946
2 947 946
2 949 948
2 949 948
2 951 950
2 950 951
2 952 953
2 953 952
2 955 954
2 954 955
2 957 956
2 956 957
2 958 959
2 959 958
2 960 961
2 960 961
2 962 963
2 962 963
2 964 965
2 964 965
2 967 966
2 966 967
2 968 969
2 968 969
2 971 970
2 970 971
2 973 972
2 973 972
2 974 975
2 975 974
2 976 977
2 977 976
2 978 979
2 978 979
2 981 980
2 980 981
2 982 983
2 982 983
2 985 984
2 985 984
2 987 986
2 987 986
2 989 988
2 989 988
2 990 991
2 991 990
2 993 992
2 992 993
2 994 995
2 994 995
2 997 996
2 996 997
2 999 998
2 998 999
2 1001 1000
2 1000 1001
2 1002 1003
2 1002 1003
2 1004 1005
2 1005 1004
2 1006 1007
2 1007 1006
2 1008 1009
2 1008 1009
2 1011 1010
2 1011 1010
2 1013 1012
2 1012 1013
2 1014 1015
2 1014 1015
2 1016 1017
2 1016 1017
2 1019 1018
2 1018 1019
2 1020 1021
2 1021 1020
2 1023 1022
2 1022 1023
2 1025 1024
2 1025 1024
2 1027 1026
2 1027 1026
2 1028 1029
2 1028 1029
2 1030 1031
2 1030 1031
2 1032 1033
2 1033 1032
2 1034 1035
2 1035 1034
2 1037 1036
2 1037 1036
2 1038 1039
2 1038 1039
2 1040 1041
2 1040 1041
2 1043 1042
2 1042 1043
2 1044 1045
2 1045 1044
2 1047 1046
2 1046 1047
2 1048 1049
2 1048 1049
2 1051 1050
2 1051 1050
2 1052 1053
2 1052 1053
2 1055 1054
2 1054 1055
2 1056 1057
2 1057 1056
2 1059 1058
2 1058 1059
2 1061 1060
2 1061 1060
2 1062 1063
2 1063 1062
2 1064 1065
2 1064 1065
2 1067 1066
2 1067 1066
2 1069 1068
2 1069 1068
2 1070 1071
2 1070 1071
2 1072 1073
2 1073 1072
2 1075 1074
2 1075 1074
2 1076 1077
2 1077 1076
2 1078 1079
2 1079 1078
2 1080 1081
2 1080 1081
2 1083 1082
2 1082 1083
2 1084 1085
2 1084 1085
2 1087 1086
2 1087 1086
2 1088 1089
2 1089 1088
2 1090 1091
2 1091 1090
2 1092 1093
2 1092 1093
2 1095 1094
2 1094 1095
2 1096 1097
2 1097 1096
2 1098 1099
2 1099 1098
2 1101 1100
2 1101 1100
2 1103 1102
2 1103 1102
2 1104 1105
2 1105 1104
2 1106 1107
2 1106 1107
2 1108 1109
2 1109 1108
2 1110 1111
2 1110 1111
2 1113 1112
2 1113 1112
2 1115 1114
2 1114 1115
2 1116 1117
2 1116 1117
2 1118 1119
2 1118 1119
2 1121 1120
2 1120 1121
2 1122 1123
2 1122 1123
2 1124 1125
2 1124 1125
2 1126 1127
2 1127 1126
2 1129 1128
2 1128 1129
2 1131 1130
2 1131 1130
2 1133 1132
2 1133 1132
2 1135 1134
2 1134 1135
2 1136 1137
2 1136 1137
2 1139 1138
2 1139 1138
2 1140 1141
2 1141 1140
2 1142 1143
2 1142 1143
2 1145 1144
2 1145 1144
2 1147 1146
2 1146 1147
2 1148 1149
2 1149 1148
2 1151 1150
2 1151 1150
2 1153 1152
2 1153 1152
2 1155 1154
2 1154 1155
2 1156 1157
2 1157 1156
2 1159 1158
2 1158 1159
2 1161 1160
2 1161 1160
2 1162 1163
2 1163 1162
2 1165 1164
2 1164 1165
2 1167 1166
2 1167 1166
2 1169 1168
2 1169 1168
2 1170 1171
2 1171 1170
2 1173 1172
2 1172 1173
2 1175 1174
2 1174 1175
2 1176 1177
2 1176 1177
2 1179 1178
2 1178 1179
2 1180 1181
2 1180 1181
2 1183 1182
2 1183 1182
2 1184 1185
2 1184 1185
2 1186 1187
2 1187 1186
2 1189 1188
2 1189 1188
2 1191 1190
2 1190 1191
2 1192 1193
2 1193 1192
2 1195 1194
2 1194 1195
2 1196 1197
2 1196 1197
2 1198 1199
2 1198 1199
2 1200 1201
2 1201 1200
2 1203 1202
2 1203 1202
2 1204 1205
2 1204 1205
2 1207 1206
2 1207 1206
2 1208 1209
2 1209 1208
2 1210 1211
2 1211 1210
2 1212 1213
2 1212 1213
2 1214 1215
2 1214 1215
2 1216 1217
2 1216 1217
2 1218 1219
2 1218 1219
2 1220 1221
2 1221 1220
2 1222 1223
2 1223 1222
2 1224 1225
2 1224 1225
2 1227 1226
2 1227 1226
2 1228 1229
2 1229 1228
2 1231 1230
2 1230 1231
2 1233 1232
2 1232 1233
2 1235 1234
2 1235 1234
2 1237 1236
2 1237 1236
2 1238 1239
2 1239 1238
2 1241 1240
2 1241 1240
2 1243 1242
2 1242 1243
2 1245 1244
2 1245 1244
2 1246 1247
2 1246 1247
2 1248 1249
2 1249 1248
2 1250 1251
2 1251 1250
2 1253 1252
2 1253 1252
2 1254 1255
2 1254 1255
2 1256 1257
2 1257 1256
2 1258 1259
2 1259 1258
2 1260 1261
2 1260 1261
2 1262 1263
2 1262 1263
2 1265 1264
2 1265 1264
2 1266 1267
2 1266 1267
2 1269 1268
2 1269 1268
2 1271 1270
2 1270 1271
2 1273 1272
2 1273 1272
2 1274 1275
2 1275 1274
2 1276 1277
2 1276 1277
2 1279 1278
2 1279 1278
2 1280 1281
2 1280 1281
2 1282 1283
2 1282 1283
2 1284 1285
2 1284 1285
2 1286 1287
2 1286 1287
2 1288 1289
2 1289 1288
2 1290 1291
2 1291 1290
2 1293 1292
2 1293 1292
2 1295 1294
2 1294 1295
2 1296 1297
2 1297 1296
2 1299 1298
2 1299 1298
2 1301 1300
2 1300 1301
2 1303 1302
2 1302 1303
2 1304 1305
2 1304 1305
2 1307 1306
2 1307 1306
2 1308 1309
2 1308 1309
2 1310 1311
2 1311 1310
2 1313 1312
2 1312 1313
2 1314 1315
2 1314 1315
2 1316 1317
2 1316 1317
2 1319 1318
2 1319 1318
2 1321 1320
2 1321 1320
2 1322 1323
2 1323 1322
2 1324 1325
2 1325 1324
2 1327 1326
2 1327 1326
2 1328 1329
2 1328 1329
2 1330 1331
2 1330 1331
2 1332 1333
2 1333 1332
2 1335 1334
2 1335 1334
2 1337 1336
2 1336 1337
2 1338 1339
2 1339 1338
2 1341 1340
2 1340 1341
2 1342 1343
2 1343 1342
2 1345 1344
2 1345 1344
2 1347 1346
2 1346 1347
2 1349 1348
2 1349 1348
2 1351 1350
2 1351 1350
2 1353 1352
2 1352 1353
2 1355 1354
2 1354 1355
2 1356 1357
2 1356 1357
2 1359 1358
2 1358 1359
2 1360 1361
2 1361 1360
2 1363 1362
2 1362 1363
2 1364 1365
2 1364 1365
2 1366 1367
2 1367 1366
2 1369 1368
2 1369 1368
2 1370 1371
2 1371 1370
2 1372 1373
2 1373 1372
2 1374 1375
2 1375 1374
2 1377 1376
2 1377 1376
2 1378 1379
2 1379 1378
2 1380 1381
2 1380 1381
2 1383 1382
2 1382 1383
2 1384 1385
2 1384 1385
2 1386 1387
2 1387 1386
2 1388 1389
2 1388 1389
2 1390 1391
2 1390 1391
2 1393 1392
2 1392 1393
2 1394 1395
2 1394 1395
2 1396 1397
2 1397 1396
2 1399 1398
2 1398 1399
2 1400 1401
2 1401 1400
2 1403 1402
2 1403 1402
2 1404 1405
2 1405 1404
2 1406 1407
2 1407 1406
2 1409 1408
2 1408 1409
2 1411 1410
2 1411 1410
2 1412 1413
2 1412 1413
2 1415 1414
2 1415 1414
2 1417 1416
2 1417 1416
2 1419 1418
2 1419 1418
2 1421 1420
2 1420 1421
2 1422 1423
2 1422 1423
2 1424 1425
2 1424 1425
2 1426 1427
2 1426 1427
2 1429 1428
2 1429 1428
2 1431 1430
2 1431 1430
2 1432 1433
2 1432 1433
2 1435 1434
2 1434 1435
2 1436 1437
2 1437 1436
2 1438 1439
2 1438 1439
2 1440 1441
2 1441 1440
2 1442 1443
2 1442 1443
2 1445 1444
2 1444 1445
2 1447 1446
2 1446 1447
2 1449 1448
2 1449 1448
2 1450 1451
2 1451 1450
2 1452 1453
2 1453 1452
2 1454 1455
2 1455 1454
2 1457 1456
2 1456 1457
2 1459 1458
2 1459 1458
2 1460 1461
2 1460 1461
2 1463 1462
2 1463 1462
2 1464 1465
2 1464 1465
2 1466 1467
2 1466 1467
2 1469 1468
2 1469 1468
2 1471 1470
2 1471 1470
2 1473 1472
2 1473 1472
2 1474 1475
2 1474 1475
2 1476 1477
2 1477 1476
2 1478 1479
2 1478 1479
2 1481 1480
2 1480 1481
2 1483 1482
2 1482 1483
2 1484 1485
2 1484 1485
2 1487 1486
2 1487 1486
2 1489 1488
2 1489 1488
2 1490 1491
2 1490 1491
2 1492 1493
2 1492 1493
2 1495 1494
2 1495 1494
2 1497 1496
2 1496 1497
2 1499 1498
2 1498 1499
2 1501 1500
2 1500 1501
2 1503 1502
2 1502 1503
2 1505 1504
2 1505 1504
2 1507 1506
2 1506 1507
2 1508 1509
2 1508 1509
2 1510 1511
2 1510 1511
2 1513 1512
2 1512 1513
2 1515 1514
2 1515 1514
2 1517 1516
2 1516 1517
2 1519 1518
2 1519 1518
2 1520 1521
2 1521 1520
2 1522 1523
2 1523 1522
2 1525 1524
2 1524 1525
2 1527 1526
2 1527 1526
2 1528 1529
2 1529 1528
2 1530 1531
2 1530 1531
2 1532 1533
2 1533 1532
2 1534 1535
2 1534 1535
2 1537 1536
2 1536 1537
2 1539 1538
2 1538 1539
2 1540 1541
2 1540 1541
2 1542 1543
2 1542 1543
2 1545 1544
2 1544 1545
2 1547 1546
2 1546 1547
2 1549 1548
2 1548 1549
2 1550 1551
2 1551 1550
2 1553 1552
2 1553 1552
2 1554 1555
2 1554 1555
2 1556 1557
2 1556 1557
2 1559 1558
2 1558 1559
2 1560 1561
2 1560 1561
2 1562 1563
2 1562 1563
2 1565 1564
2 1565 1564
2 1566 1567
2 1567 1566
2 1569 1568
2 1569 1568
2 1571 1570
2 1571 1570
2 1573 1572
2 1573 1572
2 1575 1574
2 1574 1575
2 1576 1577
2 1576 1577
2 1578 1579
2 1578 1579
2 1580 1581
2 1580 1581
2 1582 1583
2 1582 1583
2 1584 1585
2 1584 1585
2 1587 1586
2 1587 1586
2 1589 1588
2 1588 1589
2 1590 1591
2 1591 1590
2 1593 1592
2 1593 1592
2 1595 1594
2 1594 1595
2 1596 1597
2 1597 1596
2 1598 1599
2 1599 1598
2 1601 1600
2 1601 1600
2 1603 1602
2 1602 1603
2 1605 1604
2 1604 1605
2 1606 1607
2 1607 1606
2 1609 1608
2 1609 1608
2 1610 1611
2 1611 1610
2 1613 1612
2 1612 1613
2 1615 1614
2 1614 1615
2 1617 1616
2 1617 1616
2 1619 1618
2 1618 1619
2 1621 1620
2 1620 1621
2 1623 1622
2 1623 1622
2 1625 1624
2 1624 1625
2 1626 1627
2 1627 1626
2 1628 1629
2 1628 1629
2 1630 1631
2 1630 1631
2 1633 1632
2 1632 1633
2 1635 1634
2 1634 1635
2 1637 1636
2 1637 1636
2 1638 1639
2 1639 1638
2 1641 1640
2 1640 1641
2 1643 1642
2 1642 1643
2 1644 1645
2 1645 1644
2 1646 1647
2 1646 1647
2 1649 1648
2 1649 1648
2 1651 1650
2 1650 1651
2 1653 1652
2 1653 1652
2 1655 1654
2 1655 1654
2 1657 1656
2 1656 1657
2 1658 1659
2 1659 1658
2 1661 1660
2 1660 1661
2 1662 1663
2 1662 1663
2 1665 1664
2 1664 1665
2 1666 1667
2 1667 1666
2 1669 1668
2 1669 1668
2 1670 1671
2 1670 1671
2 1672 1673
2 1672 1673
2 1674 1675
2 1674 1675
2 1676 1677
2 1676 1677
2 1679 1678
2 1678 1679
2 1681 1680
2 1680 1681
2 1682 1683
2 1682 1683
2 1685 1684
2 1684 1685
2 1686 1687
2 1686 1687
2 1689 1688
2 1688 1689
2 1690 1691
2 1691 1690
2 1693 1692
2 1693 1692
2 1695 1694
2 1695 1694
2 1696 1697
2 1696 1697
2 1698 1699
2 1699 1698
2 1700 1701
2 1701 1700
2 1702 1703
2 1702 1703
2 1705 1704
2 1704 1705
2 1707 1706
2 1707 1706
2 1708 1709
2 1709 1708
2 1710 1711
2 1711 1710
2 1713 1712
2 1712 1713
2 1714 1715
2 1715 1714
2 1716 1717
2 1716 1717
2 1719 1718
2 1718 1719
2 1720 1721
2 1720 1721
2 1723 1722
2 1722 1723
2 1725 1724
2 1724 1725
2 1726 1727
2 1727 1726
2 1728 1729
2 1728 1729
2 1731 1730
2 1731 1730
2 1732 1733
2 1732 1733
2 1734 1735
2 1734 1735
2 1737 1736
2 1737 1736
2 1738 1739
2 1738 1739
2 1741 1740
2 1741 1740
2 1742 1743
2 1743 1742
2 1744 1745
2 1744 1745
2 1746 1747
2 1746 1747
2 1749 1748
2 1748 1749
2 1750 1751
2 1750 1751
2 1753 1752
2 1752 1753
2 1755 1754
2 1754 1755
2 1756 1757
2 1756 1757
2 1759 1758
2 1758 1759
2 1760 1761
2 1761 1760
2 1762 1763
2 1762 1763
2 1764 1765
2 1765 1764
2 1766 1767
2 1767 1766
2 1769 1768
2 1769 1768
2 1771 1770
2 1771 1770
2 1772 1773
2 1772 1773
2 1775 1774
2 1775 1774
2 1777 1776
2 1777 1776
2 1778 1779
2 1778 1779
2 1780 1781
2 1780 1781
2 1783 1782
2 1782 1783
2 1785 1784
2 1784 1785
2 1787 1786
2 1787 1786
2 1788 1789
2 1788 1789
2 1791 1790
2 1790 1791
2 1792 1793
2 1792 1793
2 1795 1794
2 1795 1794
2 1796 1797
2 1797 1796
2 1799 1798
2 1799 1798
2 1800 1801
2 1800 1801
2 1803 1802
2 1803 1802
2 1805 1804
2 1804 1805
2 1807 1806
2 1806 1807
2 1809 1808
2 1808 1809
2 1810 1811
2 1810 1811
2 1813 1812
2 1813 1812
2 1815 1814
2 1815 1814
2 1816 1817
2 1816 1817
2 1819 1818
2 1819 1818
2 1820 1821
2 1821 1820
2 1822 1823
2 1822 1823
2 1824 1825
2 1825 1824
2 1827 1826
2 1826 1827
2 1829 1828
2 1828 1829
2 1831 1830
2 1830 1831
2 1833 1832
2 1832 1833
2 1835 1834
2 1834 1835
2 1837 1836
2 1837 1836
2 1839 1838
2 1839 1838
2 1841 1840
2 1840 1841
2 1842 1843
2 1842 1843
2 1845 1844
2 1845 1844
2 1847 1846
2 1847 1846
2 1849 1848
2 1848 1849
2 1851 1850
2 1850 1851
2 1852 1853
2 1852 1853
2 1854 1855
2 1855 1854
2 1856 1857
2 1856 1857
2 1858 1859
2 1858 1859
2 1861 1860
2 1860 1861
2 1862 1863
2 1862 1863
2 1865 1864
2 1865 1864
2 1867 1866
2 1866 1867
2 1869 1868
2 1869 1868
2 1870 1871
2 1870 1871
2 1872 1873
2 1873 1872
2 1874 1875
2 1875 1874
2 1877 1876
2 1876 1877
2 1879 1878
2 1878 1879
2 1881 1880
2 1881 1880
2 1883 1882
2 1883 1882
2 1884 1885
2 1885 1884
2 1887 1886
2 1887 1886
2 1889 1888
2 1888 1889
2 1891 1890
2 1890 1891
2 1892 1893
2 1893 1892
2 1894 1895
2 1895 1894
2 1896 1897
2 1897 1896
2 1899 1898
2 1899 1898
2 1901 1900
2 1901 1900
2 1902 1903
2 1903 1902
2 1905 1904
2 1905 1904
2 1907 1906
2 1906 1907
2 1908 1909
2 1909 1908
2 1911 1910
2 1910 1911
2 1913 1912
2 1912 1913
2 1914 1915
2 1915 1914
2 1916 1917
2 1917 1916
2 1919 1918
2 1919 1918
2 1920 1921
2 1921 1920
2 1923 1922
2 1922 1923
2 1925 1924
2 1925 1924
2 1926 1927
2 1927 1926
2 1928 1929
2 1929 1928
2 1930 1931
2 1931 1930
2 1932 1933
2 1932 1933
2 1934 1935
2 1935 1934
2 1936 1937
2 1937 1936
2 1938 1939
2 1939 1938
2 1941 1940
2 1941 1940
2 1942 1943
2 1943 1942
2 1944 1945
2 1945 1944
2 1947 1946
2 1947 1946
2 1949 1948
2 1948 1949
2 1951 1950
2 1950 1951
2 1952 1953
2 1953 1952
2 1955 1954
2 1955 1954
2 1956 1957
2 1956 1957
2 1958 1959
2 1958 1959
2 1961 1960
2 1961 1960
2 1962 1963
2 1963 1962
2 1965 1964
2 1964 1965
2 1967 1966
2 1966 1967
2 1969 1968
2 1969 1968
2 1971 1970
2 1971 1970
2 1972 1973
2 1973 1972
2 1974 1975
2 1974 1975
2 1977 1976
2 1976 1977
2 1979 1978
2 1978 1979
2 1981 1980
2 1981 1980
2 1982 1983
2 1982 1983
2 1984 1985
2 1984 1985
2 1987 1986
2 1987 1986
2 1988 1989
2 1989 1988
2 1991 1990
2 1991 1990
2 1993 1992
2 1993 1992
2 1994 1995
2 1995 1994
2 1997 1996
2 1997 1996
