1000
1
3
5
6
8
10
13
15
17
18
20
22
24
27
28
30
32
34
36
38
41
42
45
47
49
51
53
54
57
59
61
62
65
66
68
71
72
74
76
78
80
82
84
87
88
91
93
94
97
99
101
103
104
107
108
111
112
115
117
119
120
123
125
127
128
131
133
135
137
138
140
143
144
147
149
151
153
155
157
158
161
162
164
167
168
170
173
175
176
179
180
182
184
187
188
190
192
194
196
199
200
202
204
207
208
210
213
214
217
219
220
223
224
227
229
230
233
234
237
239
241
243
244
247
249
250
253
254
257
259
261
262
265
266
269
270
272
274
277
279
281
282
284
286
288
290
293
295
296
299
301
302
304
306
308
311
313
314
316
318
321
322
325
327
328
330
332
335
336
338
341
342
345
346
349
350
352
354
356
358
361
363
365
366
368
370
372
374
376
379
381
383
385
386
389
391
393
394
397
399
401
403
404
406
408
410
413
415
417
419
420
422
424
427
428
430
433
435
436
438
440
443
445
446
449
450
453
454
456
459
460
463
464
467
468
471
472
474
476
479
481
482
484
487
489
491
492
494
496
499
501
503
505
507
509
511
513
514
517
518
520
523
525
526
529
530
532
535
536
539
540
542
545
547
549
550
553
554
557
558
561
563
564
566
569
570
572
575
577
579
581
583
585
586
589
591
593
594
596
599
601
602
605
607
608
610
613
614
617
618
620
623
624
626
628
630
632
635
637
639
641
643
644
646
649
651
652
654
657
659
661
663
664
666
668
670
672
675
676
678
681
682
684
687
689
690
693
694
696
699
701
702
705
707
708
711
712
714
717
719
721
723
725
727
728
731
733
735
736
739
740
743
744
746
749
750
753
755
756
758
760
762
764
766
769
770
772
774
777
778
781
783
784
787
788
791
792
795
797
799
800
802
804
807
808
810
813
814
817
819
821
823
825
827
829
831
832
834
837
838
841
842
845
847
849
850
853
854
857
859
860
863
864
866
868
871
873
874
876
879
881
883
884
886
889
891
893
895
897
898
901
903
905
906
908
911
912
915
916
919
921
922
924
926
928
930
933
935
937
939
940
943
945
946
948
950
952
954
956
958
961
963
964
967
968
971
973
975
976
979
981
982
984
986
989
990
992
995
997
998
1000
1003
1004
1007
1009
1011
1012
1014
1016
1018
1020
1023
1025
1026
1028
1031
1033
1034
1036
1038
1040
1043
1045
1047
1048
1050
1053
1055
1056
1058
1061
1063
1065
1067
1068
1071
1073
1074
1077
1079
1080
1082
1085
1087
1089
1090
1092
1095
1096
1098
1101
1102
1105
1107
1109
1110
1113
1115
1116
1119
1120
1123
1124
1127
1128
1130
1132
1135
1136
1138
1141
1142
1145
1147
1148
1150
1152
1154
1157
1159
1160
1162
1165
1167
1168
1171
1173
1174
1177
1178
1181
1182
1184
1186
1189
1191
1193
1194
1197
1198
1200
1203
1205
1206
1208
1211
1213
1215
1217
1218
1220
1222
1225
1226
1228
1230
1232
1234
1236
1238
1240
1243
1244
1246
1248
1250
1253
1254
1256
1258
1261
1262
1264
1266
1268
1271
1273
1275
1276
1279
1280
1282
1285
1287
1288
1290
1292
1294
1296
1299
1300
1303
1305
1306
1308
1310
1313
1314
1317
1318
1320
1322
1324
1327
1328
1331
1332
1334
1337
1339
1340
1342
1345
1346
1348
1351
1353
1354
1357
1359
1361
1363
1365
1366
1369
1370
1373
1375
1377
1379
1381
1383
1384
1386
1389
1390
1392
1395
1396
1399
1401
1402
1405
1406
1408
1410
1413
1415
1417
1419
1420
1423
1425
1427
1429
1430
1432
1434
1437
1438
1440
1443
1444
1446
1448
1450
1452
1454
1456
1458
1460
1463
1464
1467
1468
1470
1472
1474
1476
1478
1480
1483
1485
1486
1489
1490
1492
1494
1497
1498
1500
1502
1504
1507
1509
1511
1512
1515
1517
1518
1520
1522
1524
1526
1529
1530
1532
1534
1537
1538
1540
1542
1544
1546
1549
1550
1552
1555
1556
1558
1560
1562
1564
1567
1568
1571
1572
1574
1576
1579
1580
1583
1585
1586
1589
1590
1593
1595
1597
1599
1601
1603
1605
1607
1608
1610
1613
1615
1616
1619
1620
1622
1624
1627
1628
1631
1633
1635
1636
1638
1641
1643
1644
1646
1648
1651
1653
1654
1657
1658
1660
1662
1665
1667
1668
1670
1672
1674
1676
1678
1681
1683
1684
1687
1688
1690
1693
1694
1697
1698
1701
1703
1705
1707
1708
1710
1713
1714
1716
1719
1720
1723
1724
1727
1728
1731
1733
1735
1736
1738
1740
1742
1744
1746
1749
1750
1752
1755
1756
1759
1761
1762
1764
1766
1768
1771
1772
1774
1776
1779
1780
1783
1784
1786
1788
1790
1793
1794
1796
1798
1801
1802
1805
1807
1809
1811
1813
1814
1817
1819
1820
1822
1824
1826
1828
1830
1832
1834
1836
1838
1841
1843
1845
1846
1848
1851
1852
1855
1856
1858
1860
1862
1864
1867
1868
1871
1872
1875
1876
1879
1880
1883
1885
1886
1889
1891
1893
1895
1896
1899
1900
1902
1904
1906
1909
1910
1913
1914
1917
1918
1921
1923
1925
1927
1928
1931
1932
1935
1937
1938
1940
1942
1945
1947
1949
1950
1952
1954
1957
1959
1961
1963
1965
1966
1968
1971
1972
1974
1976
1978
1980
1983
1984
1986
1989
1990
1992
1994
1996
1998
