2 1000 0 1998
2 3 2
2 2 3
2 4 5
1 4
2 7 6
1 7
2 8 9
2 8 9
2 11 10
2 11 10
1 13
1 12
1 15
2 14 15
2 16 17
1 17
1 18
2 19 18
1 21
2 21 20
2 23 22
1 23
1 25
1 24
2 26 27
2 27 26
2 28 29
1 28
2 31 30
2 30 31
1 32
2 32 33
2 34 35
1 34
2 37 36
2 37 36
2 38 39
1 39
2 41 40
2 40 41
1 42
2 42 43
1 45
1 44
2 47 46
2 46 47
2 49 48
2 48 49
1 51
2 50 51
1 52
2 53 52
2 55 54
2 54 55
1 56
1 57
2 58 59
1 58
1 61
2 61 60
1 63
2 62 63
2 65 64
1 65
2 66 67
2 67 66
2 69 68
2 69 68
2 71 70
1 71
2 73 72
1 73
2 74 75
1 74
1 76
2 77 76
1 78
2 79 78
2 81 80
1 81
2 82 83
2 83 82
2 84 85
2 85 84
2 87 86
1 87
2 88 89
2 89 88
2 90 91
2 91 90
1 93
1 92
1 95
1 94
2 97 96
1 96
2 98 99
2 99 98
1 101
1 100
1 103
2 103 102
2 104 105
1 105
1 107
2 106 107
1 109
1 108
1 110
2 110 111
1 113
2 113 112
2 114 115
1 115
2 116 117
1 117
1 119
2 118 119
2 121 120
2 121 120
2 123 122
1 122
1 125
2 125 124
1 126
1 127
2 129 128
1 129
1 131
1 130
1 132
1 133
2 135 134
2 135 134
2 136 137
1 136
2 139 138
1 138
1 140
1 141
1 143
1 142
2 144 145
2 145 144
2 146 147
1 146
2 148 149
2 148 149
1 151
1 150
2 152 153
1 152
1 155
2 154 155
1 156
2 156 157
2 158 159
2 158 159
2 161 160
1 160
1 162
1 163
1 165
2 165 164
1 166
2 167 166
1 169
1 168
2 170 171
1 170
1 172
2 172 173
2 174 175
1 175
1 177
2 176 177
2 179 178
2 179 178
2 181 180
1 180
2 183 182
1 182
1 184
2 185 184
2 186 187
2 186 187
1 188
1 189
2 191 190
1 190
2 193 192
2 192 193
2 194 195
1 195
2 196 197
1 197
2 198 199
2 199 198
2 200 201
2 200 201
2 202 203
2 202 203
2 205 204
2 205 204
1 206
1 207
2 209 208
1 208
2 210 211
1 211
2 212 213
2 213 212
1 215
2 214 215
2 216 217
2 216 217
2 219 218
2 219 218
1 221
1 220
1 223
1 222
2 225 224
1 225
1 227
1 226
1 228
2 228 229
1 231
2 230 231
1 232
1 233
1 235
1 234
1 236
2 236 237
2 238 239
1 238
1 241
1 240
1 243
2 243 242
1 245
1 244
2 247 246
2 247 246
2 249 248
2 249 248
1 250
1 251
1 252
2 252 253
2 254 255
2 254 255
1 257
2 257 256
2 259 258
1 258
1 261
2 261 260
2 262 263
2 262 263
1 264
1 265
1 267
1 266
2 269 268
1 269
1 270
1 271
1 273
1 272
2 275 274
2 275 274
1 276
2 276 277
2 278 279
1 279
1 280
2 280 281
2 283 282
1 283
1 285
1 284
1 287
1 286
2 289 288
1 288
2 290 291
1 291
2 292 293
2 292 293
1 294
1 295
1 296
2 297 296
1 299
2 298 299
2 300 301
2 300 301
2 302 303
1 302
1 304
1 305
2 306 307
2 307 306
1 309
2 309 308
1 310
2 310 311
1 312
1 313
1 315
2 315 314
1 317
2 316 317
1 318
2 318 319
1 321
2 320 321
1 323
2 323 322
1 325
1 324
2 327 326
2 327 326
2 329 328
1 329
2 331 330
1 331
1 333
1 332
1 334
2 334 335
2 337 336
1 337
2 339 338
2 338 339
2 340 341
1 341
1 343
2 342 343
2 344 345
2 344 345
2 346 347
2 347 346
1 349
2 348 349
1 350
2 351 350
2 353 352
2 353 352
1 355
2 355 354
1 356
2 356 357
2 359 358
1 358
1 360
1 361
1 362
2 362 363
2 365 364
1 365
2 367 366
2 367 366
1 369
1 368
2 371 370
2 370 371
1 372
1 373
1 374
2 374 375
1 377
1 376
2 378 379
1 378
1 381
1 380
1 383
1 382
2 384 385
2 384 385
2 386 387
1 387
1 389
1 388
1 391
1 390
2 392 393
1 392
1 394
1 395
2 396 397
1 396
1 398
1 399
2 400 401
2 400 401
2 402 403
1 403
2 404 405
1 404
1 406
2 406 407
2 409 408
1 408
2 411 410
2 410 411
2 413 412
2 412 413
2 415 414
2 414 415
2 416 417
1 417
1 418
2 419 418
2 421 420
1 421
2 422 423
2 423 422
2 425 424
2 425 424
1 427
2 427 426
2 429 428
2 429 428
2 430 431
1 430
2 432 433
2 432 433
1 434
1 435
2 437 436
2 437 436
2 438 439
1 438
1 440
2 440 441
1 442
2 443 442
2 444 445
2 444 445
2 446 447
2 447 446
2 449 448
2 449 448
2 450 451
2 451 450
2 453 452
1 453
1 454
2 454 455
1 456
1 457
1 458
2 459 458
2 461 460
1 460
1 462
2 463 462
1 464
1 465
1 466
1 467
1 468
1 469
2 470 471
2 471 470
1 473
1 472
2 475 474
1 475
2 476 477
1 477
1 478
2 479 478
1 480
2 480 481
2 483 482
1 482
2 484 485
2 485 484
2 486 487
2 487 486
1 488
1 489
2 490 491
2 490 491
1 493
1 492
1 495
2 494 495
2 496 497
2 497 496
1 499
2 498 499
1 500
2 500 501
1 503
2 503 502
1 504
1 505
2 506 507
2 507 506
1 509
1 508
1 511
1 510
1 513
2 513 512
2 514 515
2 515 514
2 516 517
2 517 516
2 518 519
2 519 518
2 520 521
1 520
1 523
1 522
1 524
1 525
2 527 526
2 526 527
1 529
1 528
1 531
2 530 531
2 533 532
1 532
1 535
2 535 534
1 537
1 536
2 539 538
1 538
1 541
1 540
2 542 543
2 542 543
1 544
1 545
1 547
1 546
2 549 548
1 548
2 551 550
2 550 551
1 552
2 553 552
2 554 555
1 555
1 557
1 556
1 559
1 558
1 561
1 560
1 563
1 562
2 564 565
1 564
1 566
1 567
2 568 569
1 568
1 570
1 571
2 572 573
2 572 573
2 574 575
1 574
1 576
2 577 576
2 579 578
2 578 579
1 580
1 581
1 582
2 583 582
2 584 585
1 584
1 586
2 586 587
1 588
2 588 589
2 591 590
1 591
2 593 592
2 592 593
2 595 594
1 594
1 596
2 597 596
1 599
2 598 599
2 600 601
1 600
2 602 603
1 603
1 605
1 604
1 607
2 607 606
1 609
2 609 608
2 611 610
1 610
1 612
1 613
2 614 615
2 614 615
1 617
1 616
1 619
1 618
1 621
1 620
1 623
2 622 623
1 624
1 625
2 626 627
2 627 626
1 629
2 628 629
1 630
1 631
1 632
2 632 633
1 634
2 635 634
2 636 637
1 637
1 639
1 638
1 641
2 640 641
2 642 643
2 642 643
2 645 644
2 645 644
2 647 646
1 647
1 648
2 649 648
1 650
1 651
2 653 652
1 652
1 655
2 654 655
1 656
2 656 657
1 659
1 658
2 661 660
2 660 661
1 662
1 663
2 664 665
1 665
1 666
1 667
2 668 669
1 669
1 670
1 671
2 672 673
2 672 673
1 675
1 674
2 677 676
2 677 676
1 679
2 678 679
2 680 681
2 680 681
2 683 682
1 682
1 685
2 685 684
2 686 687
2 687 686
1 688
1 689
2 690 691
2 690 691
1 693
2 692 693
1 694
2 694 695
2 696 697
2 697 696
2 699 698
1 698
2 701 700
2 701 700
1 702
2 703 702
1 705
1 704
2 707 706
2 707 706
1 709
2 708 709
1 710
1 711
1 713
1 712
1 715
1 714
2 716 717
2 716 717
1 718
1 719
1 721
1 720
2 723 722
2 723 722
1 725
1 724
2 726 727
2 727 726
2 728 729
1 728
1 730
2 731 730
2 733 732
1 732
1 735
1 734
1 737
1 736
2 738 739
2 739 738
2 741 740
1 741
2 743 742
2 743 742
2 745 744
2 744 745
1 746
2 746 747
1 749
2 749 748
1 751
2 750 751
1 752
1 753
2 755 754
1 755
1 756
1 757
1 758
2 758 759
1 760
2 760 761
1 762
2 763 762
1 764
2 765 764
2 767 766
1 767
2 769 768
2 768 769
2 771 770
2 771 770
1 772
1 773
1 774
1 775
1 777
2 776 777
2 779 778
2 778 779
1 780
2 780 781
2 783 782
2 782 783
2 785 784
2 785 784
2 787 786
1 787
1 788
2 788 789
1 791
1 790
2 792 793
1 792
2 794 795
2 794 795
1 797
1 796
1 799
2 799 798
1 800
2 800 801
2 803 802
2 802 803
1 804
2 804 805
1 807
1 806
2 808 809
1 808
2 810 811
2 810 811
2 813 812
1 812
1 815
1 814
1 816
2 817 816
1 819
2 819 818
1 821
2 820 821
2 823 822
1 823
1 825
1 824
2 826 827
1 827
2 829 828
1 828
1 831
1 830
1 833
1 832
1 835
2 835 834
2 836 837
1 837
2 839 838
2 838 839
2 840 841
1 840
1 843
1 842
1 844
1 845
1 847
1 846
1 849
2 849 848
1 851
2 850 851
1 853
1 852
1 854
1 855
2 857 856
2 857 856
1 858
1 859
2 861 860
2 860 861
2 862 863
1 863
1 864
1 865
2 867 866
1 866
1 869
1 868
2 870 871
2 870 871
2 873 872
1 872
2 874 875
2 874 875
1 876
2 877 876
2 879 878
2 878 879
1 881
1 880
2 882 883
2 882 883
2 885 884
1 884
2 886 887
1 886
2 888 889
1 889
2 890 891
2 891 890
1 893
2 892 893
2 895 894
1 894
2 896 897
1 896
1 898
2 898 899
2 901 900
1 900
2 903 902
2 902 903
1 904
1 905
1 907
1 906
2 908 909
2 908 909
1 911
2 911 910
2 912 913
2 913 912
2 914 915
1 915
2 917 916
1 917
1 919
2 918 919
2 921 920
1 920
2 922 923
2 922 923
1 924
2 924 925
1 926
2 927 926
1 929
1 928
2 930 931
2 931 930
2 933 932
1 933
1 934
2 934 935
1 936
2 936 937
2 939 938
1 939
2 940 941
2 940 941
1 942
2 942 943
2 944 945
1 945
2 946 947
1 946
2 949 948
1 948
1 950
2 950 951
2 953 952
1 952
1 954
1 955
1 956
2 957 956
1 958
2 958 959
1 961
2 960 961
2 962 963
2 963 962
2 965 964
1 965
1 967
1 966
1 969
1 968
2 970 971
2 970 971
2 972 973
2 972 973
2 974 975
2 975 974
2 977 976
1 976
1 979
1 978
2 980 981
2 981 980
2 983 982
1 982
1 984
2 984 985
2 986 987
1 987
1 989
2 989 988
2 990 991
1 990
1 993
1 992
1 995
2 994 995
1 997
2 996 997
2 998 999
1 999
2 1001 1000
2 1000 1001
1 1002
1 1003
2 1004 1005
1 1005
2 1007 1006
2 1006 1007
1 1008
1 1009
1 1011
1 1010
1 1013
2 1013 1012
1 1014
2 1014 1015
2 1017 1016
1 1016
1 1018
1 1019
1 1021
1 1020
1 1023
2 1022 1023
2 1024 1025
2 1025 1024
2 1026 1027
1 1027
2 1028 1029
1 1029
2 1030 1031
1 1030
2 1032 1033
2 1033 1032
2 1035 1034
1 1034
1 1036
1 1037
1 1039
2 1039 1038
2 1040 1041
1 1041
1 1042
2 1043 1042
2 1045 1044
1 1045
2 1046 1047
1 1047
1 1048
2 1049 1048
1 1051
2 1051 1050
1 1052
1 1053
1 1054
1 1055
2 1057 1056
2 1056 1057
2 1059 1058
1 1058
1 1061
2 1061 1060
2 1063 1062
2 1062 1063
1 1065
1 1064
1 1067
2 1066 1067
2 1068 1069
2 1069 1068
1 1071
1 1070
1 1073
2 1072 1073
1 1075
1 1074
2 1076 1077
1 1076
2 1079 1078
2 1078 1079
2 1080 1081
2 1080 1081
1 1083
2 1083 1082
2 1084 1085
1 1085
1 1087
2 1087 1086
2 1089 1088
1 1089
1 1091
2 1091 1090
2 1092 1093
1 1092
1 1095
2 1095 1094
2 1097 1096
2 1096 1097
1 1099
2 1099 1098
2 1101 1100
1 1101
2 1102 1103
1 1102
1 1104
2 1104 1105
2 1106 1107
2 1107 1106
1 1108
2 1108 1109
1 1111
2 1110 1111
2 1113 1112
2 1113 1112
1 1114
2 1115 1114
2 1117 1116
2 1116 1117
1 1118
2 1118 1119
1 1121
2 1120 1121
2 1123 1122
2 1123 1122
2 1125 1124
1 1125
2 1127 1126
2 1127 1126
2 1129 1128
2 1129 1128
2 1131 1130
2 1131 1130
2 1133 1132
2 1133 1132
1 1134
1 1135
1 1136
1 1137
2 1139 1138
2 1138 1139
2 1140 1141
2 1141 1140
2 1143 1142
2 1142 1143
2 1144 1145
2 1144 1145
1 1146
1 1147
1 1149
2 1148 1149
2 1150 1151
1 1150
1 1153
1 1152
2 1154 1155
2 1155 1154
1 1157
2 1156 1157
1 1159
2 1158 1159
1 1161
1 1160
1 1162
1 1163
2 1165 1164
1 1165
1 1167
1 1166
1 1169
2 1169 1168
2 1171 1170
1 1171
1 1172
2 1172 1173
1 1174
2 1175 1174
2 1176 1177
2 1176 1177
1 1179
2 1179 1178
2 1181 1180
2 1180 1181
2 1182 1183
1 1182
1 1184
1 1185
2 1186 1187
2 1187 1186
2 1188 1189
2 1189 1188
2 1190 1191
2 1190 1191
1 1193
2 1192 1193
1 1195
2 1194 1195
1 1197
1 1196
1 1199
2 1198 1199
1 1201
1 1200
1 1202
1 1203
2 1205 1204
2 1204 1205
2 1206 1207
2 1206 1207
1 1209
2 1209 1208
1 1210
2 1211 1210
1 1212
2 1213 1212
2 1215 1214
1 1215
2 1216 1217
1 1217
1 1218
1 1219
1 1221
2 1220 1221
2 1223 1222
2 1223 1222
1 1224
1 1225
1 1227
1 1226
1 1229
2 1229 1228
2 1231 1230
1 1231
2 1232 1233
2 1233 1232
1 1234
2 1234 1235
1 1237
2 1237 1236
1 1239
1 1238
1 1241
1 1240
1 1243
2 1243 1242
2 1245 1244
2 1244 1245
1 1246
1 1247
1 1248
1 1249
1 1250
1 1251
1 1252
2 1253 1252
1 1255
2 1255 1254
1 1257
1 1256
1 1258
1 1259
1 1260
2 1260 1261
1 1262
2 1262 1263
1 1265
1 1264
2 1266 1267
2 1267 1266
2 1268 1269
2 1269 1268
1 1270
1 1271
1 1272
1 1273
1 1275
2 1275 1274
2 1277 1276
2 1276 1277
2 1279 1278
1 1278
2 1281 1280
2 1280 1281
2 1282 1283
2 1283 1282
2 1284 1285
2 1285 1284
1 1287
2 1286 1287
1 1288
1 1289
2 1290 1291
2 1290 1291
2 1293 1292
2 1293 1292
1 1295
1 1294
2 1296 1297
1 1297
1 1298
1 1299
1 1300
1 1301
1 1302
1 1303
1 1304
1 1305
2 1306 1307
2 1306 1307
2 1308 1309
2 1309 1308
2 1310 1311
2 1311 1310
2 1313 1312
2 1312 1313
1 1315
1 1314
2 1317 1316
2 1317 1316
2 1319 1318
2 1319 1318
1 1320
2 1320 1321
1 1322
1 1323
2 1324 1325
1 1325
2 1327 1326
2 1327 1326
1 1329
2 1329 1328
2 1330 1331
2 1331 1330
2 1333 1332
1 1333
1 1334
1 1335
1 1337
1 1336
2 1339 1338
1 1338
1 1340
1 1341
1 1343
1 1342
1 1344
1 1345
1 1346
2 1346 1347
2 1349 1348
1 1348
1 1351
1 1350
1 1353
2 1352 1353
2 1354 1355
1 1355
1 1356
1 1357
1 1359
2 1358 1359
1 1360
1 1361
1 1363
2 1362 1363
1 1365
2 1365 1364
1 1366
2 1367 1366
1 1369
2 1369 1368
2 1370 1371
2 1371 1370
2 1372 1373
1 1373
1 1375
1 1374
1 1377
2 1377 1376
1 1379
1 1378
1 1381
2 1381 1380
2 1383 1382
1 1383
2 1385 1384
2 1384 1385
1 1386
1 1387
1 1388
1 1389
2 1391 1390
1 1391
2 1393 1392
2 1392 1393
2 1394 1395
2 1394 1395
1 1397
2 1397 1396
2 1399 1398
1 1398
1 1400
2 1401 1400
2 1403 1402
1 1403
1 1404
1 1405
2 1407 1406
2 1406 1407
2 1408 1409
1 1409
1 1410
2 1411 1410
1 1413
2 1412 1413
2 1414 1415
1 1415
1 1417
1 1416
2 1419 1418
1 1418
2 1420 1421
1 1421
1 1423
2 1423 1422
2 1425 1424
2 1424 1425
1 1426
2 1427 1426
2 1428 1429
2 1428 1429
1 1430
2 1431 1430
2 1432 1433
2 1433 1432
2 1434 1435
2 1435 1434
1 1437
1 1436
1 1438
2 1439 1438
2 1441 1440
1 1440
2 1442 1443
1 1442
1 1444
1 1445
2 1447 1446
1 1447
1 1448
1 1449
1 1450
1 1451
1 1452
1 1453
1 1455
1 1454
2 1457 1456
1 1457
1 1459
1 1458
2 1460 1461
1 1460
1 1462
2 1463 1462
2 1464 1465
2 1465 1464
1 1467
2 1466 1467
2 1468 1469
1 1469
2 1470 1471
1 1470
1 1473
2 1473 1472
2 1475 1474
2 1474 1475
1 1477
1 1476
1 1479
2 1479 1478
1 1481
2 1481 1480
1 1482
1 1483
1 1485
1 1484
2 1487 1486
2 1486 1487
2 1488 1489
2 1488 1489
1 1491
1 1490
1 1493
1 1492
1 1494
1 1495
1 1496
2 1496 1497
2 1498 1499
1 1498
2 1500 1501
1 1500
2 1503 1502
2 1503 1502
2 1504 1505
2 1505 1504
1 1507
2 1507 1506
2 1509 1508
2 1509 1508
1 1510
1 1511
1 1513
1 1512
1 1515
2 1514 1515
2 1517 1516
1 1516
1 1519
1 1518
2 1521 1520
1 1521
1 1523
1 1522
1 1525
2 1525 1524
2 1526 1527
1 1527
1 1528
1 1529
2 1530 1531
1 1530
1 1532
2 1532 1533
1 1534
2 1534 1535
2 1536 1537
2 1536 1537
1 1538
1 1539
2 1541 1540
1 1540
2 1542 1543
1 1543
2 1545 1544
1 1544
1 1547
2 1547 1546
2 1549 1548
2 1549 1548
2 1551 1550
2 1551 1550
1 1553
2 1553 1552
1 1554
1 1555
2 1557 1556
2 1557 1556
2 1559 1558
1 1558
1 1560
2 1561 1560
2 1562 1563
1 1563
2 1565 1564
2 1565 1564
1 1567
2 1566 1567
2 1568 1569
2 1569 1568
1 1571
1 1570
1 1572
2 1572 1573
1 1574
1 1575
2 1576 1577
2 1576 1577
1 1578
2 1578 1579
2 1580 1581
1 1580
2 1582 1583
2 1583 1582
2 1584 1585
1 1585
2 1587 1586
2 1586 1587
1 1588
2 1589 1588
2 1590 1591
1 1591
1 1592
2 1593 1592
1 1594
2 1595 1594
1 1597
1 1596
1 1598
2 1599 1598
2 1600 1601
2 1600 1601
2 1602 1603
2 1602 1603
2 1604 1605
2 1604 1605
1 1606
2 1606 1607
1 1609
2 1608 1609
2 1610 1611
1 1611
2 1613 1612
1 1613
1 1614
2 1615 1614
2 1617 1616
1 1616
1 1619
1 1618
1 1620
2 1621 1620
2 1623 1622
1 1622
2 1625 1624
2 1625 1624
1 1626
1 1627
2 1629 1628
1 1629
1 1630
1 1631
1 1632
2 1633 1632
2 1635 1634
1 1634
2 1637 1636
2 1636 1637
2 1639 1638
1 1638
1 1640
2 1641 1640
1 1642
1 1643
1 1644
2 1645 1644
1 1647
2 1646 1647
1 1648
2 1649 1648
2 1651 1650
2 1650 1651
1 1652
1 1653
1 1654
1 1655
1 1656
1 1657
2 1658 1659
2 1658 1659
1 1660
1 1661
1 1662
2 1662 1663
1 1665
2 1664 1665
1 1666
2 1667 1666
1 1668
1 1669
1 1671
1 1670
1 1672
2 1673 1672
2 1675 1674
2 1674 1675
2 1676 1677
1 1676
2 1678 1679
2 1679 1678
1 1681
1 1680
2 1682 1683
1 1683
2 1685 1684
1 1685
1 1686
2 1686 1687
1 1688
2 1688 1689
1 1690
2 1691 1690
2 1692 1693
1 1693
2 1695 1694
2 1694 1695
2 1697 1696
2 1696 1697
2 1698 1699
1 1698
1 1700
1 1701
1 1703
2 1702 1703
2 1705 1704
2 1705 1704
2 1706 1707
2 1707 1706
2 1708 1709
1 1709
1 1710
2 1711 1710
2 1713 1712
1 1713
1 1714
1 1715
2 1716 1717
2 1717 1716
2 1719 1718
2 1719 1718
2 1721 1720
1 1720
2 1722 1723
1 1722
2 1725 1724
2 1724 1725
2 1727 1726
2 1727 1726
1 1729
2 1729 1728
1 1731
1 1730
2 1733 1732
1 1732
2 1735 1734
1 1735
1 1737
2 1737 1736
2 1739 1738
1 1738
1 1741
2 1740 1741
2 1743 1742
2 1743 1742
2 1745 1744
2 1744 1745
2 1747 1746
2 1746 1747
1 1748
1 1749
2 1751 1750
2 1750 1751
2 1753 1752
2 1752 1753
1 1754
2 1755 1754
1 1757
2 1756 1757
2 1758 1759
2 1759 1758
2 1761 1760
1 1761
1 1763
1 1762
2 1764 1765
1 1765
2 1766 1767
1 1767
1 1768
2 1769 1768
2 1770 1771
1 1771
1 1773
2 1773 1772
2 1775 1774
1 1774
2 1776 1777
1 1776
2 1779 1778
2 1778 1779
2 1780 1781
1 1780
2 1783 1782
1 1783
2 1785 1784
2 1784 1785
2 1787 1786
2 1786 1787
2 1789 1788
1 1789
1 1791
1 1790
2 1793 1792
2 1793 1792
1 1795
1 1794
1 1797
2 1797 1796
1 1799
2 1799 1798
2 1800 1801
1 1800
1 1802
2 1803 1802
2 1804 1805
1 1804
1 1806
2 1807 1806
2 1808 1809
1 1809
2 1811 1810
1 1811
1 1812
2 1813 1812
2 1815 1814
1 1814
2 1817 1816
2 1816 1817
2 1818 1819
2 1819 1818
1 1821
1 1820
1 1822
1 1823
1 1824
1 1825
1 1826
2 1827 1826
1 1829
2 1828 1829
1 1830
2 1831 1830
1 1833
2 1833 1832
2 1835 1834
1 1834
2 1836 1837
2 1837 1836
1 1838
2 1839 1838
1 1841
2 1840 1841
2 1842 1843
2 1842 1843
1 1844
1 1845
2 1846 1847
2 1846 1847
1 1849
2 1849 1848
2 1850 1851
1 1851
2 1853 1852
1 1852
1 1855
2 1854 1855
2 1857 1856
2 1857 1856
2 1858 1859
2 1858 1859
1 1860
2 1861 1860
1 1863
2 1862 1863
2 1865 1864
1 1864
1 1866
1 1867
1 1869
2 1869 1868
1 1870
1 1871
1 1873
1 1872
2 1875 1874
2 1875 1874
1 1877
1 1876
1 1878
1 1879
2 1881 1880
1 1880
2 1882 1883
1 1883
1 1884
1 1885
2 1886 1887
1 1887
2 1889 1888
2 1888 1889
2 1890 1891
2 1891 1890
1 1892
1 1893
1 1894
2 1895 1894
1 1896
1 1897
1 1898
2 1899 1898
2 1901 1900
2 1900 1901
2 1903 1902
1 1903
1 1904
2 1905 1904
2 1907 1906
1 1906
2 1908 1909
1 1908
2 1910 1911
2 1910 1911
2 1912 1913
2 1912 1913
1 1915
1 1914
2 1917 1916
1 1916
1 1919
2 1919 1918
2 1921 1920
2 1920 1921
1 1922
1 1923
1 1924
2 1925 1924
2 1926 1927
1 1927
1 1928
1 1929
2 1931 1930
1 1930
1 1933
1 1932
1 1934
1 1935
1 1936
2 1936 1937
2 1938 1939
2 1938 1939
1 1940
2 1940 1941
1 1943
2 1942 1943
1 1944
1 1945
2 1947 1946
2 1947 1946
1 1948
2 1949 1948
2 1951 1950
1 1950
1 1952
1 1953
2 1954 1955
1 1954
1 1957
2 1956 1957
1 1958
2 1959 1958
2 1960 1961
2 1961 1960
1 1963
2 1963 1962
2 1964 1965
2 1964 1965
1 1967
2 1966 1967
2 1968 1969
2 1968 1969
1 1970
1 1971
1 1972
2 1973 1972
2 1975 1974
1 1974
1 1977
1 1976
2 1979 1978
2 1979 1978
2 1980 1981
1 1981
2 1983 1982
2 1983 1982
2 1985 1984
1 1984
1 1986
2 1987 1986
2 1989 1988
2 1988 1989
2 1990 1991
2 1990 1991
1 1993
2 1993 1992
2 1995 1994
1 1994
2 1996 1997
2 1996 1997
1 1999
1 1998
