2 1000 0 1998
1 2
2 2 3
1 4
1 5
1 7
1 6
1 8
1 9
1 10
1 11
1 12
1 13
2 14 15
2 14 15
2 16 17
1 16
2 18 19
1 18
1 20
1 21
1 23
1 22
1 25
1 24
2 27 26
2 26 27
1 29
1 28
2 31 30
2 31 30
1 32
1 33
1 35
1 34
1 36
1 37
1 38
1 39
1 41
1 40
1 43
1 42
2 44 45
1 44
1 47
1 46
1 49
2 49 48
1 50
1 51
1 52
1 53
1 54
1 55
1 57
1 56
1 58
2 58 59
1 61
1 60
1 63
1 62
1 65
1 64
1 66
1 67
1 69
2 68 69
1 71
2 71 70
1 72
2 72 73
1 75
1 74
1 76
1 77
1 79
2 78 79
1 80
1 81
1 83
1 82
2 84 85
1 84
1 86
1 87
1 88
1 89
1 91
1 90
1 92
1 93
1 94
1 95
1 97
2 96 97
1 98
1 99
2 101 100
1 100
1 102
1 103
1 105
1 104
1 106
1 107
1 109
1 108
1 110
1 111
1 113
1 112
2 115 114
1 114
1 116
2 117 116
2 119 118
1 119
1 121
1 120
2 123 122
1 123
1 124
1 125
1 127
1 126
1 128
1 129
2 130 131
2 130 131
1 133
2 133 132
1 135
2 134 135
1 137
1 136
1 138
2 138 139
1 140
1 141
2 143 142
2 143 142
1 144
2 144 145
1 147
1 146
1 149
1 148
1 151
1 150
1 153
2 152 153
1 155
1 154
2 156 157
1 156
1 158
1 159
2 161 160
2 160 161
2 162 163
1 162
1 165
2 165 164
1 166
1 167
1 169
1 168
1 170
2 170 171
1 173
1 172
1 175
1 174
1 176
1 177
1 179
1 178
2 181 180
1 181
1 182
1 183
1 184
1 185
1 187
2 186 187
1 189
1 188
1 191
1 190
1 193
1 192
2 194 195
1 194
1 197
1 196
1 199
1 198
2 200 201
1 201
1 203
1 202
1 204
1 205
1 207
1 206
1 208
1 209
1 211
1 210
1 213
2 213 212
1 214
2 214 215
1 217
1 216
1 219
1 218
1 221
1 220
1 222
1 223
1 224
1 225
1 227
2 226 227
1 229
1 228
1 230
1 231
1 233
1 232
2 235 234
1 234
1 236
1 237
1 239
1 238
1 240
2 241 240
2 243 242
2 243 242
1 245
1 244
1 247
1 246
2 249 248
1 249
2 251 250
1 251
1 252
1 253
1 255
2 255 254
1 257
1 256
1 259
1 258
1 260
2 260 261
1 263
1 262
2 265 264
1 264
1 267
1 266
1 268
1 269
2 270 271
1 271
1 273
1 272
1 274
1 275
1 276
1 277
2 278 279
1 279
1 281
1 280
1 283
2 282 283
1 285
1 284
1 286
1 287
1 288
1 289
1 291
1 290
1 292
1 293
1 294
1 295
1 297
1 296
1 299
1 298
1 300
1 301
2 302 303
1 302
1 304
1 305
1 307
1 306
2 308 309
1 308
2 311 310
2 311 310
1 312
1 313
1 315
1 314
1 317
1 316
1 319
1 318
2 320 321
1 321
2 323 322
1 323
1 325
1 324
2 327 326
1 327
1 329
1 328
1 330
1 331
1 333
1 332
1 334
1 335
1 337
1 336
1 339
1 338
1 340
2 341 340
2 343 342
1 342
1 345
1 344
1 347
2 346 347
1 348
1 349
1 350
2 350 351
1 353
1 352
1 355
1 354
1 356
1 357
1 358
1 359
1 361
1 360
2 363 362
1 363
1 365
1 364
2 367 366
1 366
2 369 368
1 369
1 371
1 370
1 373
1 372
1 374
1 375
2 376 377
1 376
1 378
1 379
1 381
1 380
1 382
1 383
1 384
1 385
1 387
1 386
1 388
1 389
1 391
2 391 390
1 392
1 393
1 395
1 394
1 396
1 397
1 399
2 398 399
1 401
1 400
1 403
1 402
1 405
1 404
1 406
1 407
1 408
1 409
1 411
2 410 411
1 413
1 412
1 414
1 415
2 417 416
1 417
1 418
1 419
2 420 421
1 421
1 423
1 422
1 425
1 424
1 426
2 426 427
1 429
1 428
2 430 431
1 430
1 433
1 432
1 434
1 435
1 436
1 437
2 438 439
2 438 439
1 441
1 440
1 442
1 443
1 445
1 444
2 446 447
1 446
1 448
1 449
1 451
1 450
2 453 452
1 453
1 454
1 455
1 456
1 457
1 459
1 458
1 460
1 461
1 463
1 462
1 465
1 464
1 467
1 466
2 468 469
2 469 468
1 470
1 471
2 473 472
1 472
1 474
2 474 475
2 477 476
1 477
1 479
2 478 479
1 481
1 480
1 483
1 482
1 485
1 484
1 487
1 486
1 489
1 488
1 490
1 491
1 492
2 493 492
2 495 494
1 494
1 497
1 496
1 499
1 498
1 500
1 501
1 503
1 502
1 505
1 504
1 506
1 507
2 509 508
2 509 508
1 510
1 511
1 513
1 512
2 515 514
1 515
1 516
1 517
2 518 519
1 518
1 521
1 520
1 522
2 522 523
1 524
2 524 525
1 526
1 527
1 529
1 528
1 531
1 530
2 533 532
1 533
1 535
1 534
1 537
1 536
1 539
2 539 538
1 541
1 540
1 542
1 543
1 545
1 544
2 547 546
2 546 547
2 549 548
1 549
2 551 550
1 550
1 553
1 552
1 555
1 554
1 557
2 557 556
2 558 559
2 559 558
2 561 560
1 561
2 563 562
1 562
2 564 565
1 565
1 566
2 567 566
1 569
1 568
1 570
1 571
1 572
1 573
2 574 575
1 574
2 576 577
1 577
2 578 579
1 578
2 580 581
2 581 580
1 582
1 583
1 584
1 585
1 586
1 587
1 588
1 589
1 590
1 591
1 592
1 593
1 595
1 594
1 597
2 597 596
1 598
1 599
1 600
1 601
2 603 602
1 602
1 605
1 604
1 607
1 606
1 608
2 608 609
1 610
1 611
2 613 612
1 613
1 615
2 615 614
1 616
1 617
1 619
1 618
1 620
1 621
1 622
1 623
1 624
1 625
1 627
2 627 626
1 629
1 628
2 630 631
1 631
2 633 632
1 632
2 635 634
1 635
1 636
1 637
2 638 639
1 639
1 640
1 641
1 643
2 643 642
1 645
1 644
1 646
1 647
1 649
1 648
1 650
1 651
1 653
1 652
2 654 655
1 654
2 656 657
1 656
1 659
1 658
1 661
1 660
2 662 663
1 662
1 665
1 664
1 667
1 666
1 669
1 668
1 670
1 671
1 672
1 673
1 675
1 674
1 676
1 677
1 679
1 678
1 680
1 681
2 683 682
1 682
1 684
1 685
1 687
1 686
1 688
1 689
1 690
2 691 690
1 692
2 693 692
1 695
1 694
1 696
1 697
1 698
1 699
1 700
2 701 700
1 703
1 702
1 704
1 705
1 706
2 706 707
2 708 709
1 708
1 711
1 710
1 713
1 712
1 715
1 714
1 717
1 716
1 718
1 719
1 721
1 720
1 723
2 722 723
1 724
1 725
1 727
1 726
1 729
1 728
1 731
1 730
1 733
1 732
1 734
1 735
2 737 736
1 736
2 739 738
1 738
1 741
1 740
1 743
1 742
1 744
1 745
1 746
1 747
2 748 749
1 749
1 750
1 751
1 753
1 752
1 755
1 754
2 756 757
2 756 757
1 759
1 758
2 760 761
1 760
1 762
1 763
1 765
1 764
1 766
1 767
1 769
1 768
1 770
1 771
1 773
1 772
1 774
1 775
1 776
2 776 777
1 778
2 778 779
1 781
2 781 780
1 782
1 783
1 785
1 784
1 787
1 786
1 788
2 789 788
2 791 790
1 790
1 793
2 793 792
1 794
2 795 794
1 796
1 797
1 798
1 799
1 800
1 801
1 803
1 802
1 805
1 804
1 807
1 806
1 809
1 808
1 811
1 810
1 813
1 812
1 814
2 815 814
1 816
1 817
1 818
1 819
1 821
1 820
1 823
1 822
1 824
1 825
1 826
1 827
2 828 829
1 828
1 830
1 831
1 832
1 833
1 835
1 834
1 837
2 837 836
2 838 839
1 839
1 841
1 840
2 842 843
2 843 842
2 844 845
1 845
1 846
1 847
1 849
1 848
1 850
2 851 850
1 853
1 852
1 854
1 855
1 856
1 857
1 859
1 858
1 860
1 861
2 862 863
1 862
1 865
1 864
1 866
1 867
1 869
1 868
1 870
1 871
2 873 872
2 872 873
1 875
1 874
1 876
1 877
1 879
1 878
1 880
1 881
1 883
1 882
1 884
1 885
1 886
1 887
1 889
2 889 888
1 890
1 891
1 892
1 893
1 895
1 894
1 896
1 897
2 899 898
1 898
1 900
2 901 900
1 903
1 902
2 904 905
1 905
1 906
1 907
1 909
1 908
2 910 911
1 911
1 913
1 912
1 914
1 915
1 917
1 916
2 919 918
2 919 918
1 921
1 920
1 922
2 923 922
1 925
1 924
1 927
1 926
1 929
1 928
1 931
1 930
1 933
1 932
1 934
2 935 934
1 937
1 936
2 938 939
1 939
1 940
1 941
1 942
2 943 942
1 945
1 944
1 946
2 946 947
2 949 948
1 949
1 950
1 951
1 953
1 952
2 955 954
2 955 954
2 957 956
2 957 956
1 958
1 959
1 961
1 960
1 963
1 962
2 965 964
1 964
1 967
1 966
1 968
1 969
2 971 970
2 970 971
1 972
1 973
1 974
1 975
1 977
1 976
1 978
1 979
1 981
1 980
2 982 983
1 983
1 985
1 984
1 987
1 986
1 988
1 989
1 990
1 991
1 992
1 993
2 995 994
1 994
1 997
1 996
1 999
1 998
1 1001
2 1001 1000
1 1002
1 1003
1 1004
1 1005
1 1007
1 1006
1 1009
2 1009 1008
1 1011
1 1010
1 1012
2 1012 1013
1 1014
1 1015
1 1016
1 1017
1 1019
1 1018
1 1020
1 1021
1 1023
1 1022
1 1025
1 1024
2 1027 1026
1 1027
1 1028
1 1029
1 1031
1 1030
2 1032 1033
2 1033 1032
1 1035
1 1034
1 1036
1 1037
2 1038 1039
1 1039
1 1041
1 1040
1 1043
1 1042
1 1045
1 1044
1 1046
1 1047
1 1048
1 1049
1 1051
2 1050 1051
1 1052
1 1053
1 1055
2 1054 1055
1 1057
1 1056
1 1059
1 1058
1 1061
1 1060
1 1062
1 1063
1 1064
1 1065
1 1066
1 1067
1 1068
1 1069
1 1070
1 1071
1 1072
2 1073 1072
1 1074
1 1075
1 1076
1 1077
1 1079
1 1078
1 1080
1 1081
1 1083
1 1082
1 1084
1 1085
1 1086
1 1087
1 1089
1 1088
1 1091
1 1090
2 1092 1093
1 1093
1 1094
1 1095
1 1097
1 1096
1 1099
1 1098
1 1100
1 1101
1 1102
1 1103
1 1105
1 1104
1 1107
1 1106
1 1108
2 1109 1108
2 1111 1110
2 1111 1110
1 1113
1 1112
1 1115
1 1114
1 1117
1 1116
1 1119
2 1119 1118
1 1121
1 1120
1 1123
1 1122
1 1125
1 1124
1 1127
1 1126
2 1128 1129
1 1128
1 1131
1 1130
1 1132
1 1133
1 1135
1 1134
2 1137 1136
1 1136
1 1138
1 1139
1 1141
2 1141 1140
2 1143 1142
1 1143
1 1145
1 1144
2 1146 1147
2 1146 1147
1 1149
1 1148
1 1151
1 1150
1 1153
1 1152
1 1154
1 1155
1 1156
1 1157
1 1159
1 1158
1 1160
1 1161
2 1162 1163
1 1162
1 1164
1 1165
1 1166
1 1167
1 1168
1 1169
1 1171
1 1170
1 1172
1 1173
1 1174
1 1175
1 1177
1 1176
1 1178
1 1179
2 1181 1180
1 1180
1 1183
2 1183 1182
2 1185 1184
1 1185
1 1187
1 1186
1 1188
1 1189
1 1191
1 1190
1 1193
2 1192 1193
1 1195
1 1194
1 1197
1 1196
1 1199
2 1199 1198
2 1200 1201
1 1201
1 1202
1 1203
1 1205
1 1204
1 1206
1 1207
1 1209
1 1208
1 1211
1 1210
1 1212
1 1213
1 1215
1 1214
1 1217
1 1216
2 1219 1218
2 1218 1219
2 1221 1220
1 1220
1 1222
2 1223 1222
1 1224
1 1225
2 1226 1227
1 1227
2 1228 1229
1 1228
1 1230
1 1231
1 1233
1 1232
2 1235 1234
1 1235
1 1237
1 1236
2 1238 1239
1 1238
1 1241
1 1240
2 1243 1242
1 1242
1 1244
1 1245
1 1247
2 1246 1247
1 1248
1 1249
2 1250 1251
1 1250
1 1253
2 1253 1252
2 1255 1254
1 1255
1 1256
1 1257
2 1258 1259
1 1258
1 1261
1 1260
2 1262 1263
2 1263 1262
2 1265 1264
1 1265
2 1267 1266
1 1266
1 1268
1 1269
1 1271
2 1270 1271
1 1272
1 1273
1 1274
1 1275
2 1277 1276
1 1277
1 1278
2 1279 1278
1 1280
1 1281
1 1283
1 1282
2 1284 1285
1 1285
1 1286
2 1286 1287
1 1288
1 1289
1 1291
1 1290
1 1293
1 1292
1 1295
1 1294
1 1297
1 1296
1 1299
1 1298
1 1301
1 1300
2 1302 1303
1 1302
1 1305
1 1304
1 1306
1 1307
1 1308
1 1309
1 1310
1 1311
1 1312
1 1313
1 1315
1 1314
1 1317
1 1316
1 1319
1 1318
1 1321
1 1320
1 1322
1 1323
1 1325
1 1324
1 1326
1 1327
1 1328
1 1329
2 1330 1331
1 1330
1 1333
1 1332
1 1334
1 1335
1 1337
1 1336
2 1338 1339
1 1338
2 1340 1341
1 1340
1 1342
1 1343
1 1344
1 1345
1 1347
2 1347 1346
1 1348
2 1349 1348
1 1351
1 1350
1 1352
1 1353
1 1354
1 1355
2 1356 1357
1 1356
2 1359 1358
1 1359
2 1361 1360
1 1360
2 1363 1362
1 1362
1 1364
1 1365
1 1367
1 1366
1 1369
1 1368
1 1370
1 1371
1 1373
1 1372
1 1375
1 1374
1 1377
1 1376
1 1378
1 1379
1 1381
1 1380
1 1383
1 1382
2 1384 1385
1 1385
1 1387
1 1386
1 1389
2 1389 1388
1 1390
1 1391
2 1393 1392
1 1392
2 1394 1395
1 1395
1 1396
1 1397
1 1398
2 1398 1399
1 1401
1 1400
1 1402
2 1403 1402
1 1405
1 1404
1 1407
1 1406
1 1409
1 1408
1 1410
1 1411
1 1413
1 1412
1 1415
1 1414
1 1416
1 1417
1 1419
1 1418
1 1421
1 1420
1 1422
1 1423
1 1425
2 1424 1425
1 1427
1 1426
2 1428 1429
1 1429
1 1431
1 1430
1 1433
1 1432
1 1434
2 1435 1434
1 1437
2 1437 1436
1 1438
1 1439
1 1441
1 1440
1 1442
2 1442 1443
1 1445
1 1444
1 1447
1 1446
1 1449
2 1449 1448
1 1451
1 1450
2 1452 1453
1 1453
1 1455
1 1454
1 1456
1 1457
1 1458
1 1459
2 1460 1461
1 1460
1 1463
1 1462
1 1465
1 1464
1 1466
1 1467
1 1468
1 1469
1 1471
2 1470 1471
1 1473
1 1472
1 1475
1 1474
2 1476 1477
1 1476
1 1478
1 1479
1 1481
1 1480
1 1482
1 1483
1 1484
1 1485
1 1486
1 1487
2 1488 1489
1 1489
1 1490
2 1490 1491
2 1493 1492
1 1492
1 1495
1 1494
1 1496
1 1497
1 1499
1 1498
1 1500
1 1501
1 1502
2 1502 1503
2 1505 1504
1 1504
1 1507
1 1506
1 1508
2 1508 1509
1 1510
1 1511
1 1513
1 1512
1 1514
1 1515
1 1517
1 1516
1 1519
1 1518
1 1520
2 1520 1521
1 1522
2 1523 1522
1 1524
1 1525
1 1526
1 1527
1 1528
2 1529 1528
1 1530
1 1531
1 1533
1 1532
2 1534 1535
2 1534 1535
2 1536 1537
1 1536
1 1539
1 1538
1 1540
1 1541
1 1542
1 1543
2 1544 1545
1 1544
1 1546
1 1547
1 1549
1 1548
1 1550
1 1551
1 1552
1 1553
2 1555 1554
1 1555
1 1556
1 1557
2 1558 1559
2 1558 1559
1 1560
1 1561
1 1562
1 1563
1 1564
1 1565
1 1567
1 1566
1 1568
1 1569
1 1571
1 1570
1 1573
1 1572
1 1574
1 1575
1 1577
1 1576
1 1579
2 1578 1579
1 1580
2 1580 1581
2 1582 1583
1 1582
1 1584
1 1585
1 1587
1 1586
1 1588
1 1589
1 1590
1 1591
1 1593
1 1592
2 1595 1594
1 1595
1 1596
1 1597
1 1598
1 1599
1 1600
1 1601
1 1603
2 1603 1602
2 1604 1605
1 1604
1 1606
1 1607
1 1608
2 1609 1608
1 1611
1 1610
1 1613
2 1613 1612
1 1615
1 1614
1 1617
1 1616
1 1618
1 1619
2 1621 1620
1 1621
1 1623
1 1622
1 1624
1 1625
1 1626
1 1627
1 1629
1 1628
1 1630
1 1631
1 1632
1 1633
1 1634
1 1635
1 1637
1 1636
1 1639
1 1638
1 1640
1 1641
1 1643
1 1642
1 1645
1 1644
1 1646
1 1647
1 1649
1 1648
2 1650 1651
2 1650 1651
2 1653 1652
2 1652 1653
2 1655 1654
1 1654
1 1657
2 1656 1657
1 1658
1 1659
1 1660
1 1661
1 1663
1 1662
1 1665
1 1664
1 1667
1 1666
1 1668
1 1669
2 1670 1671
1 1671
1 1673
1 1672
1 1675
1 1674
1 1677
1 1676
1 1679
1 1678
1 1680
1 1681
1 1682
1 1683
2 1684 1685
1 1685
1 1687
1 1686
1 1689
2 1688 1689
1 1691
1 1690
1 1692
1 1693
2 1695 1694
1 1695
2 1697 1696
1 1696
1 1698
1 1699
2 1701 1700
1 1700
1 1702
1 1703
1 1705
2 1705 1704
1 1706
1 1707
1 1708
1 1709
1 1711
2 1711 1710
1 1713
1 1712
1 1714
2 1714 1715
1 1717
2 1716 1717
1 1718
1 1719
1 1720
1 1721
1 1723
1 1722
2 1724 1725
1 1725
2 1727 1726
1 1727
1 1729
1 1728
1 1730
1 1731
1 1732
1 1733
1 1734
1 1735
2 1736 1737
1 1736
1 1738
1 1739
1 1741
1 1740
1 1743
1 1742
1 1745
1 1744
1 1747
1 1746
2 1748 1749
1 1748
1 1751
1 1750
1 1753
2 1753 1752
1 1754
1 1755
1 1756
1 1757
1 1758
1 1759
2 1761 1760
1 1760
1 1762
1 1763
1 1765
1 1764
1 1766
2 1766 1767
1 1769
1 1768
1 1771
1 1770
1 1772
1 1773
1 1775
1 1774
1 1777
2 1776 1777
1 1778
1 1779
2 1780 1781
1 1781
1 1783
2 1783 1782
2 1784 1785
1 1785
1 1786
1 1787
2 1789 1788
1 1789
1 1790
1 1791
2 1793 1792
1 1793
1 1795
1 1794
2 1797 1796
1 1796
1 1798
2 1799 1798
1 1801
1 1800
1 1803
1 1802
2 1804 1805
1 1805
1 1806
2 1807 1806
1 1808
1 1809
2 1811 1810
1 1810
1 1813
1 1812
1 1814
2 1814 1815
1 1817
1 1816
1 1819
1 1818
1 1820
1 1821
1 1823
2 1822 1823
1 1824
1 1825
1 1827
1 1826
1 1828
1 1829
1 1831
1 1830
1 1833
1 1832
1 1835
1 1834
1 1836
1 1837
1 1839
1 1838
1 1841
1 1840
1 1842
1 1843
1 1845
1 1844
1 1847
2 1847 1846
1 1848
1 1849
1 1851
1 1850
1 1852
1 1853
2 1855 1854
1 1855
1 1857
1 1856
2 1858 1859
1 1858
1 1861
1 1860
2 1863 1862
1 1862
2 1864 1865
1 1864
1 1866
2 1867 1866
1 1868
1 1869
2 1870 1871
2 1871 1870
1 1872
1 1873
1 1875
1 1874
1 1876
1 1877
1 1878
1 1879
1 1881
1 1880
1 1882
1 1883
2 1884 1885
1 1885
1 1887
1 1886
1 1888
1 1889
1 1891
1 1890
1 1892
1 1893
2 1895 1894
1 1894
1 1896
1 1897
1 1899
1 1898
1 1901
1 1900
1 1902
1 1903
1 1904
2 1905 1904
2 1907 1906
2 1907 1906
1 1908
1 1909
1 1911
1 1910
2 1913 1912
1 1913
1 1915
1 1914
1 1916
1 1917
1 1919
2 1919 1918
1 1920
1 1921
1 1922
2 1923 1922
1 1924
1 1925
2 1926 1927
1 1926
1 1928
2 1928 1929
2 1931 1930
1 1930
1 1932
1 1933
1 1934
1 1935
1 1936
1 1937
1 1938
1 1939
2 1940 1941
1 1940
1 1943
1 1942
1 1944
1 1945
1 1947
2 1946 1947
1 1948
1 1949
1 1950
1 1951
1 1953
1 1952
1 1955
1 1954
1 1956
1 1957
1 1958
1 1959
1 1961
2 1961 1960
1 1963
1 1962
1 1964
2 1964 1965
2 1966 1967
1 1967
1 1969
1 1968
1 1970
1 1971
1 1973
1 1972
1 1975
1 1974
1 1976
1 1977
1 1979
1 1978
1 1980
2 1981 1980
1 1982
1 1983
1 1985
1 1984
1 1987
1 1986
1 1989
2 1989 1988
1 1990
1 1991
1 1993
1 1992
1 1994
1 1995
2 1997 1996
1 1996
1 1998
1 1999
