2 1000 0 1998
2 3 2
1 2
1 5
2 4 5
2 6 7
1 7
2 8 9
1 8
1 11
2 10 11
2 13 12
1 12
1 14
2 14 15
1 17
2 16 17
2 18 19
1 19
2 20 21
1 20
1 22
2 22 23
1 24
2 25 24
1 27
2 26 27
2 29 28
1 29
2 30 31
1 31
2 33 32
1 32
1 34
2 35 34
1 37
2 36 37
2 39 38
1 38
1 40
2 41 40
1 43
2 43 42
2 44 45
1 44
1 47
2 46 47
2 49 48
1 48
1 51
2 50 51
2 53 52
1 53
2 54 55
1 55
2 56 57
1 56
1 58
2 58 59
1 60
2 60 61
1 63
2 62 63
2 65 64
1 64
1 66
2 67 66
1 69
2 69 68
2 70 71
1 71
2 73 72
1 72
1 75
2 75 74
2 77 76
1 76
1 78
2 79 78
1 81
2 81 80
2 82 83
1 83
2 85 84
1 84
1 87
2 86 87
2 88 89
1 88
1 90
2 91 90
1 93
2 93 92
2 95 94
1 95
2 96 97
1 96
1 99
2 98 99
2 100 101
1 100
1 103
2 102 103
2 105 104
1 104
1 106
2 107 106
1 109
2 109 108
2 110 111
1 111
2 112 113
1 112
1 114
2 115 114
1 117
2 117 116
2 119 118
1 118
1 120
2 121 120
1 122
2 123 122
1 125
2 124 125
2 127 126
1 126
1 129
2 129 128
2 130 131
1 130
1 132
2 133 132
1 135
2 134 135
2 136 137
1 137
2 138 139
1 138
1 140
2 140 141
1 142
2 143 142
1 145
2 144 145
2 147 146
1 146
1 149
2 149 148
2 151 150
1 151
2 153 152
1 152
1 155
2 154 155
2 157 156
1 157
2 159 158
1 158
1 161
2 161 160
2 163 162
1 163
2 165 164
1 165
2 166 167
1 167
2 168 169
1 168
1 170
2 170 171
1 173
2 172 173
2 175 174
1 174
1 176
2 177 176
1 179
2 178 179
2 180 181
1 180
1 182
2 182 183
1 184
2 185 184
1 187
2 186 187
2 189 188
1 188
1 190
2 191 190
1 193
2 192 193
2 194 195
1 195
2 197 196
1 197
2 198 199
1 199
2 201 200
1 201
2 203 202
1 202
1 205
2 205 204
2 207 206
1 206
1 209
2 208 209
2 211 210
1 210
1 212
2 212 213
1 214
2 214 215
1 217
2 217 216
2 219 218
1 218
1 221
2 220 221
2 222 223
1 223
2 224 225
1 225
2 226 227
1 227
2 229 228
1 229
2 230 231
1 231
2 232 233
1 232
1 234
2 234 235
1 236
2 236 237
1 239
2 239 238
2 240 241
1 241
2 242 243
1 242
1 245
2 245 244
2 247 246
1 246
1 249
2 249 248
2 250 251
1 251
2 252 253
1 252
1 255
2 255 254
2 257 256
1 256
1 259
2 258 259
2 261 260
1 261
2 262 263
1 263
2 264 265
1 264
1 266
2 267 266
1 269
2 268 269
2 270 271
1 270
1 273
2 273 272
2 275 274
1 274
1 276
2 276 277
1 278
2 278 279
1 281
2 281 280
2 283 282
1 282
1 285
2 284 285
2 287 286
1 286
1 288
2 288 289
1 291
2 290 291
2 293 292
1 292
1 295
2 295 294
2 296 297
1 297
2 298 299
1 299
2 301 300
1 300
1 303
2 303 302
2 305 304
1 304
1 307
2 306 307
2 308 309
1 308
1 311
2 310 311
2 313 312
1 313
2 315 314
1 314
1 317
2 317 316
2 319 318
1 318
1 320
2 320 321
1 323
2 322 323
2 324 325
1 325
2 327 326
1 327
2 329 328
1 329
2 331 330
1 330
1 332
2 332 333
1 335
2 335 334
2 336 337
1 336
1 339
2 339 338
2 341 340
1 340
1 343
2 343 342
2 344 345
1 344
1 346
2 347 346
1 348
2 348 349
1 351
2 350 351
2 352 353
1 352
1 354
2 355 354
1 356
2 356 357
1 358
2 359 358
1 360
2 360 361
1 363
2 363 362
2 365 364
1 365
2 366 367
1 366
1 369
2 369 368
2 371 370
1 371
2 373 372
1 372
1 375
2 375 374
2 377 376
1 376
1 378
2 379 378
1 381
2 380 381
2 382 383
1 383
2 385 384
1 384
1 387
2 386 387
2 389 388
1 389
2 390 391
1 391
2 392 393
1 392
1 395
2 394 395
2 397 396
1 396
1 398
2 399 398
1 400
2 400 401
1 402
2 403 402
1 404
2 405 404
1 407
2 406 407
2 408 409
1 409
2 410 411
1 410
1 413
2 413 412
2 414 415
1 415
2 417 416
1 417
2 419 418
1 419
2 421 420
1 421
2 422 423
1 422
1 424
2 424 425
1 426
2 426 427
1 429
2 428 429
2 430 431
1 431
2 432 433
1 432
1 434
2 435 434
1 436
2 436 437
1 439
2 439 438
2 440 441
1 441
2 442 443
1 443
2 444 445
1 444
1 446
2 447 446
1 448
2 449 448
1 451
2 450 451
2 452 453
1 452
1 454
2 454 455
1 456
2 457 456
1 458
2 459 458
1 461
2 460 461
2 462 463
1 462
1 464
2 464 465
1 467
2 467 466
2 468 469
1 469
2 471 470
1 471
2 473 472
1 472
1 474
2 475 474
1 477
2 477 476
2 479 478
1 479
2 480 481
1 481
2 483 482
1 482
1 485
2 485 484
2 486 487
1 487
2 489 488
1 489
2 491 490
1 491
2 492 493
1 492
1 494
2 494 495
1 497
2 496 497
2 499 498
1 498
1 500
2 501 500
1 503
2 503 502
2 504 505
1 505
2 506 507
1 507
2 508 509
1 509
2 510 511
1 511
2 512 513
1 512
1 514
2 515 514
1 516
2 517 516
1 519
2 518 519
2 520 521
1 521
2 522 523
1 522
1 525
2 525 524
2 526 527
1 526
1 528
2 528 529
1 531
2 531 530
2 532 533
1 533
2 535 534
1 534
1 536
2 537 536
1 539
2 538 539
2 541 540
1 540
1 542
2 543 542
1 545
2 544 545
2 547 546
1 546
1 548
2 548 549
1 550
2 551 550
1 553
2 552 553
2 554 555
1 554
1 557
2 556 557
2 558 559
1 558
1 560
2 561 560
1 562
2 563 562
1 565
2 565 564
2 567 566
1 567
2 568 569
1 568
1 571
2 571 570
2 572 573
1 572
1 575
2 574 575
2 577 576
1 577
2 579 578
1 578
1 580
2 580 581
1 583
2 582 583
2 585 584
1 585
2 586 587
1 587
2 588 589
1 588
1 590
2 591 590
1 592
2 592 593
1 594
2 595 594
1 596
2 596 597
1 599
2 599 598
2 601 600
1 601
2 602 603
1 603
2 604 605
1 604
1 607
2 607 606
2 608 609
1 608
1 610
2 610 611
1 612
2 613 612
1 615
2 615 614
2 616 617
1 616
1 619
2 618 619
2 621 620
1 621
2 623 622
1 622
1 625
2 624 625
2 626 627
1 626
1 628
2 629 628
1 631
2 631 630
2 633 632
1 633
2 635 634
1 634
1 637
2 636 637
2 638 639
1 638
1 640
2 641 640
1 643
2 643 642
2 644 645
1 645
2 647 646
1 647
2 649 648
1 649
2 650 651
1 650
1 653
2 652 653
2 655 654
1 654
1 657
2 657 656
2 658 659
1 658
1 660
2 660 661
1 662
2 662 663
1 664
2 664 665
1 666
2 666 667
1 669
2 668 669
2 671 670
1 671
2 672 673
1 672
1 674
2 674 675
1 676
2 677 676
1 678
2 679 678
1 680
2 680 681
1 683
2 683 682
2 684 685
1 685
2 687 686
1 686
1 688
2 689 688
1 690
2 691 690
1 693
2 692 693
2 695 694
1 695
2 697 696
1 697
2 699 698
1 698
1 701
2 700 701
2 703 702
1 702
1 705
2 705 704
2 706 707
1 706
1 709
2 708 709
2 711 710
1 711
2 712 713
1 712
1 715
2 715 714
2 717 716
1 716
1 718
2 718 719
1 721
2 721 720
2 723 722
1 722
1 724
2 725 724
1 727
2 727 726
2 728 729
1 729
2 731 730
1 731
2 732 733
1 732
1 735
2 735 734
2 737 736
1 737
2 739 738
1 738
1 741
2 741 740
2 742 743
1 742
1 745
2 745 744
2 747 746
1 746
1 748
2 748 749
1 751
2 751 750
2 753 752
1 753
2 754 755
1 754
1 757
2 757 756
2 759 758
1 758
1 760
2 760 761
1 762
2 762 763
1 765
2 765 764
2 767 766
1 766
1 769
2 768 769
2 771 770
1 771
2 773 772
1 773
2 774 775
1 774
1 776
2 776 777
1 779
2 778 779
2 780 781
1 781
2 782 783
1 782
1 784
2 785 784
1 786
2 786 787
1 788
2 788 789
1 791
2 790 791
2 792 793
1 792
1 795
2 795 794
2 796 797
1 797
2 798 799
1 799
2 800 801
1 801
2 803 802
1 802
1 805
2 805 804
2 806 807
1 807
2 809 808
1 808
1 810
2 810 811
1 813
2 812 813
2 815 814
1 815
2 817 816
1 816
1 818
2 818 819
1 820
2 821 820
1 822
2 823 822
1 825
2 825 824
2 827 826
1 827
2 829 828
1 828
1 830
2 830 831
1 833
2 833 832
2 835 834
1 834
1 837
2 836 837
2 839 838
1 839
2 840 841
1 840
1 842
2 843 842
1 845
2 844 845
2 846 847
1 846
1 848
2 849 848
1 850
2 851 850
1 852
2 853 852
1 854
2 854 855
1 857
2 857 856
2 859 858
1 859
2 860 861
1 860
1 862
2 863 862
1 864
2 864 865
1 867
2 866 867
2 868 869
1 868
1 871
2 871 870
2 872 873
1 872
1 874
2 874 875
1 877
2 877 876
2 878 879
1 879
2 880 881
1 880
1 882
2 882 883
1 885
2 884 885
2 887 886
1 887
2 888 889
1 888
1 891
2 891 890
2 892 893
1 893
2 895 894
1 894
1 897
2 897 896
2 899 898
1 898
1 900
2 900 901
1 903
2 903 902
2 904 905
1 904
1 907
2 906 907
2 908 909
1 908
1 911
2 910 911
2 912 913
1 912
1 914
2 914 915
1 916
2 916 917
1 918
2 918 919
1 921
2 920 921
2 922 923
1 922
1 924
2 924 925
1 927
2 926 927
2 929 928
1 928
1 930
2 931 930
1 933
2 933 932
2 935 934
1 934
1 937
2 936 937
2 939 938
1 939
2 941 940
1 941
2 943 942
1 942
1 944
2 945 944
1 946
2 947 946
1 949
2 948 949
2 950 951
1 951
2 952 953
1 953
2 954 955
1 954
1 956
2 956 957
1 958
2 959 958
1 960
2 960 961
1 962
2 963 962
1 965
2 964 965
2 967 966
1 967
2 968 969
1 969
2 970 971
1 970
1 972
2 972 973
1 975
2 975 974
2 977 976
1 976
1 978
2 978 979
1 981
2 981 980
2 983 982
1 982
1 984
2 984 985
1 987
2 987 986
2 989 988
1 989
2 990 991
1 990
1 992
2 992 993
1 994
2 995 994
1 996
2 997 996
1 999
2 999 998
2 1001 1000
1 1001
2 1003 1002
1 1002
1 1004
2 1004 1005
1 1007
2 1006 1007
2 1009 1008
1 1008
1 1010
2 1011 1010
1 1012
2 1013 1012
1 1015
2 1014 1015
2 1016 1017
1 1016
1 1018
2 1019 1018
1 1021
2 1021 1020
2 1022 1023
1 1022
1 1025
2 1024 1025
2 1026 1027
1 1026
1 1028
2 1028 1029
1 1030
2 1030 1031
1 1033
2 1033 1032
2 1035 1034
1 1034
1 1036
2 1037 1036
1 1039
2 1039 1038
2 1041 1040
1 1041
2 1042 1043
1 1043
2 1044 1045
1 1044
1 1047
2 1046 1047
2 1049 1048
1 1048
1 1051
2 1051 1050
2 1053 1052
1 1052
1 1054
2 1054 1055
1 1057
2 1057 1056
2 1058 1059
1 1059
2 1061 1060
1 1061
2 1063 1062
1 1062
1 1065
2 1065 1064
2 1066 1067
1 1067
2 1069 1068
1 1069
2 1071 1070
1 1071
2 1072 1073
1 1072
1 1075
2 1075 1074
2 1076 1077
1 1077
2 1078 1079
1 1079
2 1080 1081
1 1081
2 1082 1083
1 1082
1 1084
2 1084 1085
1 1087
2 1087 1086
2 1088 1089
1 1089
2 1090 1091
1 1090
1 1092
2 1093 1092
1 1095
2 1095 1094
2 1096 1097
1 1096
1 1098
2 1099 1098
1 1101
2 1100 1101
2 1103 1102
1 1102
1 1105
2 1105 1104
2 1107 1106
1 1106
1 1109
2 1109 1108
2 1110 1111
1 1110
1 1112
2 1112 1113
1 1114
2 1115 1114
1 1116
2 1117 1116
1 1118
2 1118 1119
1 1121
2 1120 1121
2 1122 1123
1 1122
1 1124
2 1125 1124
1 1127
2 1126 1127
2 1129 1128
1 1128
1 1131
2 1130 1131
2 1133 1132
1 1132
1 1134
2 1134 1135
1 1136
2 1136 1137
1 1139
2 1138 1139
2 1141 1140
1 1141
2 1143 1142
1 1142
1 1144
2 1144 1145
1 1146
2 1147 1146
1 1149
2 1149 1148
2 1150 1151
1 1150
1 1153
2 1152 1153
2 1155 1154
1 1154
1 1156
2 1157 1156
1 1158
2 1158 1159
1 1160
2 1161 1160
1 1162
2 1163 1162
1 1165
2 1165 1164
2 1166 1167
1 1167
2 1169 1168
1 1169
2 1171 1170
1 1170
1 1172
2 1172 1173
1 1175
2 1174 1175
2 1177 1176
1 1176
1 1178
2 1179 1178
1 1180
2 1181 1180
1 1183
2 1182 1183
2 1185 1184
1 1184
1 1186
2 1186 1187
1 1189
2 1188 1189
2 1191 1190
1 1190
1 1193
2 1193 1192
2 1195 1194
1 1195
2 1196 1197
1 1196
1 1198
2 1199 1198
1 1200
2 1201 1200
1 1203
2 1203 1202
2 1205 1204
1 1205
2 1207 1206
1 1207
2 1209 1208
1 1209
2 1211 1210
1 1210
1 1212
2 1213 1212
1 1214
2 1214 1215
1 1217
2 1216 1217
2 1219 1218
1 1218
1 1221
2 1220 1221
2 1223 1222
1 1223
2 1224 1225
1 1225
2 1226 1227
1 1227
2 1228 1229
1 1228
1 1231
2 1230 1231
2 1232 1233
1 1232
1 1234
2 1235 1234
1 1236
2 1237 1236
1 1239
2 1239 1238
2 1240 1241
1 1240
1 1242
2 1243 1242
1 1244
2 1245 1244
1 1246
2 1246 1247
1 1249
2 1249 1248
2 1250 1251
1 1251
2 1253 1252
1 1252
1 1255
2 1255 1254
2 1256 1257
1 1256
1 1259
2 1259 1258
2 1261 1260
1 1260
1 1263
2 1262 1263
2 1264 1265
1 1264
1 1267
2 1267 1266
2 1269 1268
1 1269
2 1271 1270
1 1270
1 1273
2 1272 1273
2 1275 1274
1 1275
2 1276 1277
1 1277
2 1279 1278
1 1278
1 1281
2 1280 1281
2 1283 1282
1 1282
1 1285
2 1285 1284
2 1286 1287
1 1286
1 1288
2 1289 1288
1 1290
2 1290 1291
1 1293
2 1293 1292
2 1295 1294
1 1295
2 1296 1297
1 1297
2 1298 1299
1 1298
1 1301
2 1300 1301
2 1302 1303
1 1302
1 1304
2 1305 1304
1 1307
2 1307 1306
2 1309 1308
1 1309
2 1311 1310
1 1310
1 1313
2 1313 1312
2 1315 1314
1 1315
2 1317 1316
1 1316
1 1318
2 1319 1318
1 1321
2 1321 1320
2 1322 1323
1 1323
2 1325 1324
1 1324
1 1327
2 1327 1326
2 1328 1329
1 1329
2 1331 1330
1 1330
1 1332
2 1333 1332
1 1334
2 1334 1335
1 1336
2 1336 1337
1 1339
2 1339 1338
2 1340 1341
1 1341
2 1342 1343
1 1342
1 1345
2 1345 1344
2 1347 1346
1 1347
2 1348 1349
1 1348
1 1350
2 1350 1351
1 1352
2 1352 1353
1 1354
2 1354 1355
1 1357
2 1356 1357
2 1359 1358
1 1358
1 1360
2 1360 1361
1 1363
2 1363 1362
2 1364 1365
1 1365
2 1367 1366
1 1367
2 1369 1368
1 1368
1 1370
2 1370 1371
1 1373
2 1373 1372
2 1374 1375
1 1374
1 1376
2 1376 1377
1 1379
2 1379 1378
2 1381 1380
1 1380
1 1382
2 1382 1383
1 1384
2 1385 1384
1 1387
2 1387 1386
2 1388 1389
1 1389
2 1390 1391
1 1390
1 1393
2 1393 1392
2 1395 1394
1 1395
2 1397 1396
1 1397
2 1399 1398
1 1398
1 1401
2 1400 1401
2 1403 1402
1 1402
1 1405
2 1405 1404
2 1407 1406
1 1406
1 1409
2 1409 1408
2 1410 1411
1 1411
2 1412 1413
1 1412
1 1414
2 1414 1415
1 1417
2 1416 1417
2 1418 1419
1 1419
2 1420 1421
1 1421
2 1423 1422
1 1422
1 1425
2 1424 1425
2 1426 1427
1 1426
1 1428
2 1428 1429
1 1430
2 1430 1431
1 1432
2 1433 1432
1 1435
2 1434 1435
2 1437 1436
1 1436
1 1438
2 1439 1438
1 1441
2 1440 1441
2 1443 1442
1 1442
1 1444
2 1445 1444
1 1447
2 1446 1447
2 1449 1448
1 1449
2 1451 1450
1 1451
2 1453 1452
1 1452
1 1455
2 1455 1454
2 1456 1457
1 1457
2 1458 1459
1 1459
2 1460 1461
1 1460
1 1463
2 1463 1462
2 1465 1464
1 1464
1 1466
2 1467 1466
1 1468
2 1469 1468
1 1470
2 1471 1470
1 1473
2 1472 1473
2 1474 1475
1 1474
1 1476
2 1477 1476
1 1479
2 1479 1478
2 1481 1480
1 1480
1 1483
2 1483 1482
2 1484 1485
1 1485
2 1486 1487
1 1486
1 1488
2 1488 1489
1 1491
2 1491 1490
2 1493 1492
1 1492
1 1494
2 1494 1495
1 1496
2 1497 1496
1 1498
2 1499 1498
1 1501
2 1501 1500
2 1503 1502
1 1503
2 1504 1505
1 1505
2 1506 1507
1 1507
2 1508 1509
1 1509
2 1510 1511
1 1511
2 1512 1513
1 1513
2 1515 1514
1 1514
1 1516
2 1517 1516
1 1519
2 1518 1519
2 1521 1520
1 1520
1 1523
2 1523 1522
2 1525 1524
1 1524
1 1527
2 1527 1526
2 1529 1528
1 1529
2 1530 1531
1 1531
2 1533 1532
1 1532
1 1535
2 1534 1535
2 1537 1536
1 1536
1 1539
2 1539 1538
2 1541 1540
1 1541
2 1543 1542
1 1542
1 1545
2 1544 1545
2 1547 1546
1 1546
1 1548
2 1549 1548
1 1550
2 1551 1550
1 1553
2 1553 1552
2 1555 1554
1 1554
1 1556
2 1557 1556
1 1559
2 1559 1558
2 1561 1560
1 1560
1 1563
2 1562 1563
2 1564 1565
1 1564
1 1567
2 1567 1566
2 1569 1568
1 1568
1 1571
2 1570 1571
2 1572 1573
1 1572
1 1575
2 1575 1574
2 1576 1577
1 1577
2 1578 1579
1 1579
2 1580 1581
1 1580
1 1582
2 1583 1582
1 1584
2 1584 1585
1 1587
2 1586 1587
2 1588 1589
1 1588
1 1591
2 1591 1590
2 1592 1593
1 1592
1 1594
2 1594 1595
1 1596
2 1596 1597
1 1599
2 1598 1599
2 1601 1600
1 1601
2 1603 1602
1 1603
2 1605 1604
1 1605
2 1606 1607
1 1607
2 1608 1609
1 1608
1 1610
2 1611 1610
1 1612
2 1612 1613
1 1614
2 1615 1614
1 1617
2 1617 1616
2 1619 1618
1 1619
2 1621 1620
1 1620
1 1623
2 1622 1623
2 1624 1625
1 1625
2 1627 1626
1 1627
2 1629 1628
1 1629
2 1630 1631
1 1631
2 1632 1633
1 1632
1 1634
2 1635 1634
1 1637
2 1637 1636
2 1639 1638
1 1638
1 1641
2 1640 1641
2 1643 1642
1 1642
1 1645
2 1644 1645
2 1647 1646
1 1647
2 1649 1648
1 1649
2 1651 1650
1 1650
1 1653
2 1652 1653
2 1655 1654
1 1654
1 1657
2 1657 1656
2 1658 1659
1 1658
1 1661
2 1661 1660
2 1662 1663
1 1662
1 1664
2 1664 1665
1 1667
2 1666 1667
2 1669 1668
1 1669
2 1670 1671
1 1670
1 1672
2 1673 1672
1 1675
2 1675 1674
2 1677 1676
1 1676
1 1679
2 1678 1679
2 1681 1680
1 1681
2 1682 1683
1 1683
2 1684 1685
1 1685
2 1686 1687
1 1687
2 1688 1689
1 1688
1 1690
2 1691 1690
1 1693
2 1692 1693
2 1694 1695
1 1695
2 1696 1697
1 1696
1 1698
2 1699 1698
1 1701
2 1701 1700
2 1703 1702
1 1703
2 1704 1705
1 1704
1 1706
2 1706 1707
1 1708
2 1709 1708
1 1710
2 1710 1711
1 1712
2 1713 1712
1 1715
2 1714 1715
2 1716 1717
1 1717
2 1719 1718
1 1718
1 1720
2 1720 1721
1 1723
2 1723 1722
2 1725 1724
1 1725
2 1726 1727
1 1726
1 1728
2 1729 1728
1 1731
2 1730 1731
2 1733 1732
1 1733
2 1735 1734
1 1735
2 1737 1736
1 1737
2 1738 1739
1 1738
1 1741
2 1741 1740
2 1743 1742
1 1743
2 1745 1744
1 1745
2 1746 1747
1 1746
1 1748
2 1748 1749
1 1750
2 1750 1751
1 1753
2 1753 1752
2 1754 1755
1 1754
1 1757
2 1756 1757
2 1758 1759
1 1758
1 1761
2 1761 1760
2 1762 1763
1 1763
2 1765 1764
1 1765
2 1767 1766
1 1766
1 1769
2 1769 1768
2 1771 1770
1 1771
2 1772 1773
1 1772
1 1775
2 1774 1775
2 1776 1777
1 1777
2 1778 1779
1 1779
2 1781 1780
1 1780
1 1782
2 1782 1783
1 1784
2 1784 1785
1 1786
2 1786 1787
1 1788
2 1789 1788
1 1790
2 1791 1790
1 1792
2 1792 1793
1 1795
2 1794 1795
2 1796 1797
1 1797
2 1799 1798
1 1799
2 1801 1800
1 1800
1 1803
2 1803 1802
2 1804 1805
1 1804
1 1807
2 1807 1806
2 1809 1808
1 1808
1 1810
2 1810 1811
1 1812
2 1812 1813
1 1815
2 1815 1814
2 1816 1817
1 1816
1 1819
2 1819 1818
2 1821 1820
1 1821
2 1822 1823
1 1823
2 1824 1825
1 1825
2 1827 1826
1 1827
2 1829 1828
1 1828
1 1830
2 1830 1831
1 1832
2 1833 1832
1 1835
2 1835 1834
2 1837 1836
1 1836
1 1838
2 1838 1839
1 1841
2 1840 1841
2 1843 1842
1 1842
1 1845
2 1844 1845
2 1846 1847
1 1847
2 1849 1848
1 1849
2 1851 1850
1 1851
2 1853 1852
1 1852
1 1855
2 1854 1855
2 1856 1857
1 1856
1 1859
2 1859 1858
2 1860 1861
1 1860
1 1863
2 1862 1863
2 1864 1865
1 1865
2 1867 1866
1 1867
2 1869 1868
1 1868
1 1871
2 1870 1871
2 1872 1873
1 1872
1 1875
2 1874 1875
2 1876 1877
1 1876
1 1878
2 1879 1878
1 1880
2 1881 1880
1 1882
2 1883 1882
1 1885
2 1884 1885
2 1886 1887
1 1887
2 1888 1889
1 1888
1 1891
2 1890 1891
2 1893 1892
1 1892
1 1895
2 1894 1895
2 1897 1896
1 1897
2 1898 1899
1 1899
2 1901 1900
1 1900
1 1902
2 1903 1902
1 1905
2 1905 1904
2 1906 1907
1 1907
2 1908 1909
1 1909
2 1910 1911
1 1911
2 1912 1913
1 1912
1 1915
2 1915 1914
2 1917 1916
1 1916
1 1918
2 1919 1918
1 1920
2 1920 1921
1 1922
2 1922 1923
1 1925
2 1924 1925
2 1927 1926
1 1926
1 1929
2 1928 1929
2 1930 1931
1 1930
1 1933
2 1933 1932
2 1935 1934
1 1935
2 1936 1937
1 1936
1 1939
2 1939 1938
2 1941 1940
1 1940
1 1942
2 1942 1943
1 1945
2 1944 1945
2 1946 1947
1 1946
1 1948
2 1949 1948
1 1950
2 1951 1950
1 1953
2 1953 1952
2 1955 1954
1 1955
2 1956 1957
1 1956
1 1958
2 1959 1958
1 1960
2 1960 1961
1 1963
2 1962 1963
2 1964 1965
1 1965
2 1966 1967
1 1967
2 1969 1968
1 1968
1 1971
2 1970 1971
2 1973 1972
1 1973
2 1975 1974
1 1975
2 1977 1976
1 1977
2 1978 1979
1 1979
2 1981 1980
1 1981
2 1982 1983
1 1982
1 1985
2 1984 1985
2 1987 1986
1 1987
2 1988 1989
1 1988
1 1990
2 1991 1990
1 1992
2 1993 1992
1 1994
2 1994 1995
1 1997
2 1996 1997
2 1999 1998
1 1999
