1000
0
3
4
6
9
10
13
15
16
18
21
23
25
26
28
30
33
35
36
39
41
42
45
46
49
50
52
54
57
59
61
62
65
67
68
70
73
74
77
79
80
82
85
86
89
91
92
94
97
98
101
102
105
107
108
110
113
115
116
119
121
123
124
127
128
131
133
134
136
139
141
143
144
147
148
150
153
154
156
159
160
162
164
166
169
171
172
175
177
178
181
183
185
186
189
191
192
194
196
198
200
203
204
207
208
211
213
215
216
219
220
222
224
226
228
230
233
235
237
238
240
243
244
247
248
250
253
254
257
258
260
262
265
267
268
271
272
275
277
279
280
283
284
287
289
290
293
294
296
298
301
302
305
306
309
310
312
315
316
319
321
322
324
326
328
331
333
334
337
338
341
342
345
347
349
350
353
355
357
359
361
362
364
367
368
370
373
374
377
379
380
382
385
386
388
390
393
394
397
399
401
403
405
406
408
411
412
414
416
418
420
423
425
427
428
430
433
435
437
438
440
442
445
447
449
450
453
455
457
459
460
463
465
466
468
470
473
475
476
478
480
483
484
486
488
490
493
495
496
499
501
502
504
506
508
510
513
515
517
518
520
523
524
527
529
530
532
535
537
538
541
543
544
547
549
551
552
555
556
559
561
563
564
566
569
570
573
574
576
579
581
582
584
586
589
591
593
595
597
598
600
602
605
606
609
611
613
614
617
618
620
623
624
627
629
630
632
635
636
639
641
642
644
646
648
651
652
655
656
659
661
663
665
667
668
670
673
675
677
679
681
682
684
687
689
691
692
694
696
699
700
703
704
707
708
710
713
714
717
719
720
723
725
726
728
730
733
734
736
739
740
743
744
747
749
750
752
755
756
759
761
763
764
767
768
770
772
775
777
778
780
783
785
787
789
790
793
794
796
798
800
803
804
806
809
811
812
814
817
819
821
823
824
826
829
831
832
835
836
838
841
843
844
847
849
851
853
855
856
858
861
863
865
866
869
870
873
875
876
878
881
883
884
886
889
890
892
895
896
899
901
902
905
906
909
910
913
915
917
919
920
923
925
926
929
931
932
935
936
938
940
943
945
947
948
950
952
955
957
959
961
963
964
966
968
971
973
974
977
979
980
983
985
986
988
991
993
995
997
998
1000
1003
1005
1006
1009
1011
1013
1014
1017
1019
1020
1023
1024
1027
1029
1031
1032
1035
1037
1038
1040
1042
1045
1046
1049
1050
1053
1055
1056
1058
1060
1063
1064
1066
1068
1070
1073
1074
1076
1078
1080
1083
1085
1086
1088
1091
1093
1094
1097
1099
1100
1103
1104
1107
1108
1111
1113
1115
1117
1119
1120
1123
1125
1126
1129
1130
1133
1135
1137
1138
1140
1143
1145
1147
1148
1151
1152
1155
1157
1159
1161
1163
1164
1166
1168
1171
1173
1174
1177
1179
1181
1182
1185
1187
1188
1191
1192
1194
1197
1199
1201
1202
1204
1206
1208
1211
1213
1215
1216
1219
1220
1222
1224
1226
1229
1230
1233
1235
1237
1238
1241
1243
1245
1247
1248
1250
1253
1254
1257
1258
1261
1262
1265
1266
1268
1271
1272
1274
1276
1279
1280
1283
1284
1287
1289
1291
1292
1294
1296
1299
1300
1303
1305
1306
1308
1311
1312
1314
1317
1319
1320
1322
1325
1326
1328
1331
1333
1335
1337
1338
1340
1343
1344
1346
1349
1351
1353
1355
1356
1359
1361
1362
1364
1366
1369
1371
1372
1375
1377
1378
1381
1383
1385
1386
1388
1391
1392
1394
1396
1399
1400
1403
1404
1407
1408
1410
1413
1415
1416
1418
1420
1423
1424
1427
1429
1431
1433
1434
1437
1439
1440
1443
1445
1446
1448
1450
1453
1454
1456
1458
1461
1462
1465
1467
1469
1471
1472
1475
1477
1478
1481
1482
1484
1487
1489
1490
1493
1495
1497
1499
1500
1502
1504
1506
1508
1510
1512
1515
1517
1518
1521
1522
1525
1526
1528
1530
1533
1534
1537
1538
1540
1543
1544
1547
1549
1551
1552
1555
1557
1558
1561
1562
1565
1566
1569
1570
1573
1574
1576
1578
1581
1583
1585
1586
1589
1590
1593
1595
1597
1598
1600
1602
1604
1606
1609
1611
1613
1615
1616
1618
1621
1622
1624
1626
1628
1630
1633
1635
1636
1639
1640
1643
1644
1646
1648
1651
1652
1655
1656
1659
1660
1663
1665
1666
1668
1671
1673
1674
1677
1678
1680
1682
1684
1686
1689
1691
1692
1694
1697
1699
1700
1702
1705
1707
1709
1711
1713
1714
1716
1719
1721
1722
1724
1727
1729
1730
1732
1734
1736
1739
1740
1742
1744
1747
1749
1751
1752
1755
1756
1759
1760
1762
1764
1767
1768
1770
1773
1774
1776
1778
1781
1783
1785
1787
1789
1791
1793
1794
1796
1798
1801
1802
1805
1806
1809
1811
1813
1814
1817
1818
1820
1822
1824
1826
1829
1831
1833
1834
1837
1839
1840
1843
1844
1846
1848
1850
1853
1854
1857
1858
1861
1862
1864
1866
1869
1870
1873
1874
1877
1879
1881
1883
1884
1886
1889
1890
1893
1894
1896
1898
1901
1903
1904
1906
1908
1910
1913
1914
1917
1919
1921
1923
1924
1927
1928
1931
1932
1934
1937
1938
1941
1943
1944
1947
1949
1951
1952
1954
1957
1959
1961
1962
1964
1966
1969
1970
1972
1974
1976
1978
1980
1983
1984
1986
1989
1991
1993
1995
1996
1998
