10 3 6 24
10 11 10 17 15 16 14 18 13 19 12
10 19 15 10 11 14 16 17 18 12 13
10 14 19 13 11 12 18 16 10 17 15
10 18 19 15 17 14 11 16 10 12 13
10 18 17 11 14 10 13 19 15 12 16
10 17 16 18 14 19 10 13 15 11 12
10 12 17 13 19 11 18 16 15 10 14
10 15 17 18 11 13 10 12 19 16 14
10 14 10 19 16 18 11 12 17 15 13
10 13 15 18 12 14 11 19 17 16 10
10 22 29 26 20 21 27 25 28 24 23
10 20 21 25 23 26 27 24 22 28 29
10 29 26 23 24 27 20 21 25 28 22
10 24 20 22 26 28 25 23 21 27 29
10 22 21 29 20 26 23 27 28 25 24
10 29 23 25 24 28 27 20 26 22 21
10 21 26 25 27 23 24 28 29 20 22
10 26 22 20 21 23 28 29 25 27 24
10 22 21 24 29 20 26 27 25 23 28
10 26 23 28 24 20 21 27 25 29 22
