15 3 10 36
6 15 23 25 26 28 17
3 29 18 22
3 17 25 26
3 24 18 25
2 15 24
8 25 20 28 16 26 21 17 29
6 21 16 17 22 29 27
6 22 19 18 17 16 24
7 23 22 21 19 20 26 27
5 29 26 18 21 23
6 26 29 22 20 27 28
7 18 15 26 20 28 23 25
6 16 29 19 26 25 17
5 27 16 20 22 25
4 21 24 20 26
10 42 31 39 38 43 40 32 30 44 33
6 39 37 43 38 36 42
1 43
3 44 32 35
5 42 41 33 31 32
4 31 32 35 38
5 40 37 35 30 31
2 40 31
5 37 39 44 35 34
8 31 36 40 32 34 35 30 39
4 35 42 43 37
4 38 40 35 31
4 43 42 40 35
8 31 33 39 42 44 41 30 36
4 34 36 41 42
