20 3 19 52
15 38 22 20 30 39 36 27 37 34 32 31 33 23 26 21
13 34 25 38 35 21 31 29 28 20 30 32 33 22
17 33 25 24 30 22 32 21 36 29 20 23 31 35 27 28 26 37
14 23 34 37 32 20 38 31 33 26 24 39 35 29 21
12 22 35 31 34 26 37 27 21 33 39 32 29
15 21 35 23 26 24 28 32 36 22 27 30 20 38 39 31
14 36 23 31 29 20 21 30 28 37 35 34 33 27 22
15 23 25 32 37 33 22 27 34 26 29 35 24 21 31 39
19 23 33 28 22 37 39 30 27 26 24 32 29 31 34 21 20 38 25 36
14 33 32 24 28 20 26 25 21 30 35 34 38 36 22
12 20 37 34 26 38 39 35 36 22 24 28 23
18 23 20 21 39 28 30 32 35 26 37 22 34 31 38 24 36 33 29
13 36 20 31 37 39 24 23 26 28 32 34 38 33
15 30 35 25 31 23 28 36 20 33 38 34 39 24 22 32
17 27 23 36 25 34 30 33 26 21 37 24 31 39 38 32 20 22
16 26 20 25 27 39 36 34 30 23 33 28 35 22 37 29 24
16 35 30 26 21 31 36 22 33 23 24 25 29 27 39 34 38
14 27 22 38 25 28 24 23 37 35 32 29 21 39 33
17 34 20 28 35 33 29 38 37 30 32 31 21 23 22 27 36 25
19 37 27 30 24 35 32 23 33 22 31 26 34 21 38 29 20 28 25 36
17 53 40 49 42 51 46 58 50 41 54 43 55 44 45 48 57 59
17 53 48 52 41 50 57 40 47 49 43 46 58 44 51 54 55 45
12 58 55 44 50 49 53 42 52 46 43 48 59
15 51 44 46 43 55 40 57 42 49 48 53 41 47 58 59
13 54 59 42 41 56 51 48 49 40 47 55 43 46
16 40 47 46 51 50 57 45 55 49 52 44 43 41 42 58 48
19 41 58 45 53 47 40 52 46 50 44 54 55 59 43 57 49 56 51 48
18 40 59 52 49 41 42 51 44 54 46 58 48 56 53 43 50 57 55
16 58 51 45 42 53 54 41 50 43 52 56 40 59 49 55 48
12 59 58 41 43 54 50 51 53 56 42 48 45
11 42 53 52 50 48 59 44 54 55 46 47
15 41 50 40 54 45 49 58 57 43 52 48 46 47 55 51
16 43 52 42 48 51 59 49 57 50 45 54 53 44 40 46 58
11 59 52 58 50 43 57 40 48 51 45 49
14 49 43 47 45 48 53 55 59 52 57 44 46 58 50
16 47 50 54 43 45 41 53 59 40 57 48 58 44 55 42 51
12 55 45 47 51 58 50 53 56 46 49 40 41
16 59 43 50 57 56 46 42 53 51 48 52 45 49 41 54 58
15 43 52 51 49 50 40 47 59 45 48 42 55 58 56 41
14 59 54 41 45 46 49 47 52 42 43 55 50 56 44
