20 3 7 59
20 32 39 33 23 28 22 24 36 29 34 30 31 26 25 27 20 35 21 38 37
20 39 27 25 37 30 29 38 33 32 20 31 24 23 22 21 28 34 36 35 26
20 20 33 30 39 23 28 26 29 38 35 31 25 22 34 24 27 32 36 37 21
20 36 30 35 23 29 28 39 20 24 38 22 26 32 37 21 31 34 25 27 33
20 20 38 35 24 26 32 31 33 37 25 29 21 27 36 34 28 39 23 30 22
20 31 22 34 21 24 29 30 23 39 20 28 37 27 26 35 36 38 25 32 33
20 36 25 23 35 22 29 34 39 26 31 32 38 37 27 24 20 33 21 30 28
20 37 23 30 32 38 28 24 29 27 20 34 39 21 25 36 22 35 31 33 26
20 21 25 31 34 32 37 35 33 27 26 22 39 24 30 36 28 29 23 38 20
20 32 21 29 38 20 30 22 31 27 28 24 23 36 39 35 26 34 25 37 33
20 34 23 32 22 21 35 38 27 36 26 30 25 20 31 28 24 39 33 37 29
20 31 36 24 27 25 20 38 34 37 32 21 23 28 30 26 39 35 22 33 29
20 39 31 24 25 28 26 35 34 38 20 23 22 37 21 27 32 33 30 36 29
20 30 35 22 31 28 21 20 38 37 33 26 34 27 23 29 36 39 25 32 24
20 28 27 35 37 34 38 23 29 25 36 26 22 30 21 39 20 31 33 24 32
20 20 30 33 26 21 23 34 32 22 28 29 35 39 38 37 31 25 36 24 27
20 22 24 30 31 25 39 37 38 23 27 20 34 26 33 32 35 28 36 21 29
20 33 22 34 21 23 28 35 39 29 20 30 31 25 26 32 38 37 24 27 36
20 25 32 20 24 37 23 28 36 26 29 38 33 31 21 22 27 30 39 35 34
20 25 24 39 20 22 21 33 27 37 34 30 26 31 28 38 23 35 29 32 36
20 51 58 57 42 44 56 40 54 47 52 43 59 41 50 48 55 46 53 49 45
20 48 52 41 45 51 44 40 57 56 49 47 46 43 54 59 55 50 53 58 42
20 53 56 41 44 54 55 59 58 42 45 48 47 51 43 52 50 46 49 40 57
20 50 43 45 55 56 47 54 53 44 58 41 52 57 51 48 46 40 59 49 42
20 59 57 47 55 58 43 53 52 54 46 45 44 41 56 48 40 51 42 50 49
20 55 46 58 54 42 47 51 41 57 48 43 52 53 44 56 59 49 50 40 45
20 41 52 42 55 56 54 46 45 40 50 57 51 44 58 47 53 48 59 49 43
20 45 50 44 47 53 40 55 43 42 51 56 52 49 54 59 58 57 46 48 41
20 46 42 51 45 47 55 53 43 56 59 52 48 40 44 49 41 57 58 54 50
19 54 53 58 46 50 48 43 45 59 57 55 42 44 51 52 41 47 56 49
20 53 43 50 51 45 40 48 41 59 56 46 55 44 57 49 47 58 42 54 52
20 43 57 54 55 44 45 48 40 50 56 47 59 42 58 53 46 41 51 49 52
20 55 48 49 40 57 54 42 56 47 52 46 45 44 50 59 43 53 51 41 58
19 42 51 46 59 55 54 41 57 52 48 47 58 40 56 43 49 44 50 45
20 50 49 46 59 44 42 55 56 58 43 57 54 40 53 45 48 41 51 47 52
20 47 58 59 46 50 45 52 41 51 48 44 49 53 54 40 56 57 43 42 55
20 43 52 55 49 46 58 56 48 42 54 47 53 44 57 40 50 45 59 41 51
20 47 58 43 42 59 55 40 51 46 45 48 44 54 52 57 49 50 53 41 56
20 48 41 53 55 45 57 40 58 47 44 59 43 54 46 56 42 52 51 50 49
20 59 58 43 45 49 41 56 55 54 44 47 40 48 53 57 46 42 51 50 52
