20 3 0 58
20 37 32 33 20 25 28 30 21 23 26 27 22 35 39 29 36 24 31 38 34
1 20
2 20 33
3 37 20 33
4 20 28 37 33
5 37 28 21 20 33
6 33 21 20 28 35 37
7 21 25 33 37 28 20 35
8 24 33 35 37 28 25 21 20
9 27 25 24 33 28 20 37 21 35
10 28 20 33 37 21 25 24 35 23 27
11 20 37 35 23 33 25 24 28 27 22 21
12 37 27 24 22 20 39 35 23 28 25 21 33
13 20 28 24 37 39 21 38 22 23 27 33 25 35
14 28 31 33 39 38 22 25 35 37 23 21 27 24 20
15 33 27 37 39 23 35 24 20 38 25 22 28 30 31 21
16 23 31 27 24 20 22 33 21 39 35 34 25 38 30 37 28
17 22 39 28 27 33 34 20 38 24 31 30 37 26 35 23 21 25
18 25 31 34 39 21 33 23 28 35 37 24 27 26 30 20 38 29 22
19 20 27 33 35 34 38 22 24 25 37 29 21 28 39 26 30 23 31 36
1 57
2 57 51
3 50 51 57
4 57 50 40 51
5 56 40 57 51 50
6 49 51 56 50 40 57
7 46 51 56 57 49 40 50
8 46 57 40 51 59 50 49 56
9 49 59 46 56 57 40 50 42 51
10 56 51 59 43 49 46 57 50 42 40
11 50 51 49 56 46 54 40 43 42 59 57
12 50 43 56 49 57 40 59 42 52 46 54 51
20 40 42 49 51 52 58 45 55 59 43 56 48 46 47 41 44 53 57 50 54
13 49 40 51 50 59 54 46 56 52 53 57 42 43
14 46 51 42 52 54 56 53 50 45 49 40 57 43 59
15 45 52 43 56 54 53 49 42 51 47 50 40 59 57 46
16 41 40 42 57 43 45 47 53 50 46 54 56 51 49 59 52
17 54 43 45 52 57 46 59 40 41 44 51 50 47 56 53 49 42
18 40 43 45 50 42 52 47 55 46 51 41 49 44 54 56 53 57 59
19 44 41 46 55 56 57 42 59 53 40 52 43 51 48 54 45 47 49 50
