20 3 13 55
1 28
2 38 28
3 39 28 38
4 39 38 28 37
5 30 28 38 37 39
6 39 30 28 35 38 37
7 35 28 38 39 20 37 30
8 38 37 23 35 20 30 39 28
9 37 38 22 39 30 35 23 20 28
10 37 21 23 39 38 22 35 30 20 28
11 38 28 22 39 21 37 23 26 30 20 35
12 29 23 39 38 37 20 22 35 28 30 26 21
13 21 20 29 30 35 31 37 28 26 38 23 39 22
20 32 24 31 36 20 21 35 34 26 37 38 22 39 33 30 28 29 27 25 23
14 37 28 31 30 39 29 22 21 26 38 35 23 33 20
15 24 31 23 29 30 37 35 20 38 33 21 22 26 39 28
16 31 21 29 39 33 37 20 22 38 23 25 35 28 24 30 26
17 26 31 39 20 35 22 25 21 38 33 28 29 23 34 37 30 24
18 27 33 22 34 31 30 28 21 23 35 37 26 38 25 39 29 20 24
19 30 29 26 27 23 25 34 20 32 38 35 37 31 39 22 21 24 33 28
1 56
2 56 47
3 56 47 42
4 56 47 42 51
5 51 56 47 42 57
6 45 47 56 51 57 42
7 51 56 47 45 59 57 42
8 51 56 57 45 59 47 53 42
9 51 45 58 47 56 53 59 42 57
10 47 53 59 56 58 45 51 42 52 57
11 52 42 59 51 56 45 44 47 58 53 57
12 57 41 58 44 56 42 45 47 51 52 53 59
13 53 44 42 59 56 45 41 58 51 48 52 57 47
14 59 41 42 53 48 44 56 47 51 57 58 43 52 45
15 56 52 43 42 51 58 45 48 41 57 54 59 44 53 47
16 51 43 59 52 50 54 44 48 58 56 45 57 41 47 42 53
20 41 49 43 46 56 48 42 58 57 55 44 59 54 53 50 40 51 52 45 47
17 43 41 44 59 52 53 54 47 58 56 48 40 50 42 45 51 57
18 57 43 41 56 52 44 42 53 49 45 58 47 54 51 40 48 59 50
19 41 59 54 48 57 45 51 44 56 46 52 58 49 43 42 47 53 50 40
