200 199 4 6
0 1
0 2
1 3
2 4
1 5
4 6
3 7
5 8
3 9
0 10
8 11
11 12
7 13
9 14
11 15
9 16
5 17
15 18
8 19
4 20
15 21
7 22
6 23
17 24
2 25
22 26
24 27
25 28
6 29
21 30
30 31
30 32
12 33
23 34
14 35
27 36
18 37
26 38
25 39
14 40
32 41
40 42
32 43
35 44
37 45
12 46
36 47
40 48
31 49
35 50
27 51
13 52
46 53
37 54
20 55
54 56
29 57
17 58
57 59
56 60
18 61
23 62
47 63
60 64
57 65
26 66
24 67
43 68
54 69
66 70
34 71
28 72
72 73
39 74
41 75
56 76
33 77
33 78
45 79
61 80
71 81
58 82
22 83
68 84
21 85
41 86
58 87
62 88
36 89
67 90
31 91
80 92
83 93
50 94
93 95
68 96
43 97
42 98
84 99
80 100
10 101
71 102
65 103
78 104
66 105
70 106
97 107
83 108
97 109
47 110
49 111
48 112
20 113
105 114
105 115
13 116
114 117
65 118
60 119
61 120
64 121
102 122
76 123
76 124
93 125
50 126
19 127
98 128
38 129
114 130
98 131
96 132
19 133
16 134
85 135
90 136
48 137
46 138
120 139
125 140
126 141
39 142
113 143
143 144
103 145
100 146
88 147
129 148
72 149
122 150
100 151
90 152
111 153
112 154
124 155
111 156
134 157
150 158
45 159
139 160
106 161
153 162
28 163
138 164
130 165
34 166
166 167
161 168
29 169
160 170
166 171
125 172
115 173
94 174
136 175
174 176
135 177
110 178
138 179
89 180
142 181
145 182
108 183
79 184
145 185
78 186
129 187
174 188
186 189
75 190
74 191
16 192
139 193
64 194
148 195
169 196
70 197
132 198
153 199
