200 199 0 199
0 1
1 2
2 3
3 4
4 5
5 6
6 7
7 8
8 9
9 10
10 11
11 12
12 13
2 14
14 15
15 16
15 17
17 18
18 19
14 20
20 21
21 22
22 23
23 24
17 25
19 26
26 27
26 28
25 29
12 30
30 31
31 32
32 33
33 34
34 35
35 36
36 37
37 38
38 39
39 40
40 41
41 42
42 43
43 44
44 45
29 46
46 47
44 48
48 49
49 50
50 51
51 52
52 53
53 54
54 55
37 56
55 57
53 58
58 59
59 60
48 61
61 62
62 63
62 64
64 65
61 66
66 67
29 68
68 69
69 70
67 71
71 72
21 73
73 74
74 75
38 76
76 77
77 78
78 79
79 80
80 81
22 82
9 83
83 84
84 85
80 86
86 87
60 88
60 89
89 90
90 91
91 92
92 93
93 94
94 95
95 96
96 97
97 98
96 99
73 100
100 101
101 102
102 103
102 104
104 105
105 106
90 107
107 108
108 109
109 110
110 111
100 112
84 113
113 114
110 115
115 116
116 117
112 118
106 119
119 120
120 121
121 122
58 123
123 124
124 125
125 126
126 127
127 128
128 129
129 130
130 131
125 132
132 133
131 134
130 135
135 136
136 137
129 138
136 139
138 140
140 141
89 142
114 143
10 144
144 145
144 146
146 147
66 148
148 149
149 150
150 151
151 152
152 153
153 154
154 155
59 156
105 157
154 158
158 159
139 160
160 161
23 162
157 163
163 164
164 165
165 166
157 167
167 168
150 169
169 170
170 171
171 172
172 173
164 174
172 175
175 176
93 177
177 178
174 179
179 180
180 181
181 182
182 183
183 184
120 185
185 186
186 187
149 188
188 189
189 190
190 191
180 192
192 193
193 194
194 195
178 196
194 197
197 198
19 199
