8 342 2 2730
2 10 9
1 15
3 12 13 11
3 8 10 9
3 14 8 9
1 11
2 9 14
1 12
1 22
1 19
1 20
2 23 20
1 16
2 20 21
3 17 19 16
3 22 23 18
1 28
1 30
2 29 24
2 27 25
1 26
1 27
1 31
1 24
2 34 37
1 39
2 34 33
1 35
1 32
4 39 32 38 34
3 36 39 33
1 38
1 41
2 46 45
2 40 46
1 42
1 44
2 46 45
2 47 41
1 43
1 55
1 51
1 49
2 50 48
1 52
1 54
1 50
1 53
2 58 57
2 61 56
1 63
4 57 59 63 56
2 62 59
2 63 62
2 61 58
2 56 60
2 67 64
4 69 66 65 71
2 67 65
2 71 66
1 70
1 64
1 68
1 71
1 78
1 75
1 77
1 73
3 77 74 72
1 72
4 74 76 75 79
2 76 75
2 84 80
2 83 87
2 85 81
2 80 83
2 80 83
1 85
3 82 80 86
2 85 86
1 92
5 95 91 89 92 93
1 93
2 93 95
1 90
1 94
2 95 91
2 88 92
2 100 96
2 100 98
1 101
1 96
3 98 100 99
2 103 96
3 101 99 102
1 97
2 110 104
2 105 111
2 107 108
2 110 109
2 106 109
3 106 105 109
1 104
4 107 105 106 108
1 117
3 119 115 118
2 112 119
1 119
1 115
4 112 113 119 115
1 114
3 116 117 114
3 120 127 125
2 121 120
1 124
1 120
1 123
1 122
3 120 126 123
2 124 125
1 130
3 129 133 128
2 128 135
4 129 134 130 133
1 132
2 133 128
1 128
1 131
1 136
1 139
1 140
2 141 143
1 142
1 143
3 142 137 138
1 138
2 145 147
1 148
3 145 150 148
3 146 150 148
1 151
3 144 146 148
1 146
1 149
2 155 158
2 154 152
2 155 154
2 154 159
1 156
2 156 157
1 153
2 159 154
1 161
1 164
1 163
2 167 166
1 160
3 167 162 166
2 161 165
1 162
1 174
2 171 174
1 170
2 168 175
1 169
1 172
1 173
1 175
1 181
1 177
2 182 183
2 180 183
2 178 179
2 183 180
2 177 176
2 178 176
2 187 189
2 188 186
2 189 191
1 191
3 185 188 184
2 184 190
1 184
1 186
1 192
2 197 196
2 196 198
2 199 193
2 195 198
1 193
1 195
2 194 197
1 203
1 206
2 205 202
2 200 203
1 204
2 200 202
2 206 201
2 207 204
2 210 211
3 211 215 214
1 215
2 212 215
4 212 213 215 209
2 214 211
1 208
1 213
1 222
1 219
1 220
2 218 223
2 217 218
2 218 221
2 217 216
2 216 223
2 224 225
1 226
2 228 224
2 230 227
3 231 229 228
1 229
1 225
1 230
1 239
1 234
1 235
1 237
1 233
1 232
2 239 238
3 236 232 235
3 243 245 246
1 245
1 241
1 240
1 244
1 247
1 242
1 243
1 248
2 254 249
3 254 248 251
1 255
2 255 250
1 252
2 249 251
1 253
1 259
1 262
2 257 258
2 262 256
4 261 262 263 260
3 261 257 259
2 261 262
4 263 259 256 257
3 271 267 270
1 266
3 265 264 266
2 269 267
1 267
1 270
3 271 268 270
2 265 269
1 275
3 276 277 278
1 273
2 274 277
2 276 278
1 272
2 277 279
3 277 276 279
2 280 286
1 282
2 287 283
2 287 286
2 281 284
1 281
1 287
3 287 283 285
1 295
2 291 288
2 292 291
3 288 291 293
1 294
2 290 292
1 288
3 288 289 291
2 298 297
2 300 296
1 303
1 302
1 299
2 301 298
2 301 296
2 300 297
2 309 308
3 304 305 310
1 305
2 307 304
1 311
3 311 308 310
2 306 309
3 309 310 307
2 312 319
1 316
2 313 314
1 318
3 314 313 316
2 314 317
3 312 315 317
3 312 318 314
1 325
2 324 323
3 322 326 320
3 323 322 325
1 321
1 326
2 323 327
1 322
1 331
1 333
2 331 328
2 333 335
4 333 334 330 329
1 334
3 331 328 332
1 329
3 343 337 336
3 341 340 336
3 337 336 343
1 342
2 336 339
1 341
1 338
1 340
2 348 350
3 349 351 348
3 344 350 351
3 345 344 350
2 350 347
1 346
2 347 346
2 349 351
2 356 355
3 352 355 359
2 353 357
3 359 358 353
1 356
2 355 358
3 353 355 356
1 354
1 362
2 367 363
3 361 365 360
3 365 367 360
3 365 360 367
1 364
1 366
2 361 360
2 369 368
2 375 374
2 370 374
1 368
3 371 372 373
3 371 369 375
2 370 374
1 372
1 377
2 377 378
1 380
4 378 379 377 382
2 376 381
4 376 377 379 383
2 382 379
2 379 383
1 386
2 387 385
1 390
2 389 387
2 388 389
1 384
1 391
2 391 388
4 395 396 394 397
1 397
2 397 398
2 398 393
3 398 392 395
3 392 399 395
2 395 396
3 396 399 392
1 404
1 403
1 400
1 401
3 407 404 406
2 400 405
3 404 403 406
2 402 403
2 411 413
2 410 414
3 411 413 415
1 415
1 414
2 408 409
2 411 412
1 408
3 420 422 421
1 416
2 417 423
1 417
2 420 422
2 419 423
2 423 420
2 418 417
1 431
1 428
1 430
1 426
1 429
1 427
1 425
1 424
1 437
1 438
1 432
1 436
3 435 434 433
3 439 435 437
2 435 433
2 438 433
1 440
2 443 442
4 442 444 443 447
1 441
2 443 446
1 444
3 447 440 445
2 441 445
1 454
2 448 449
2 455 450
4 455 448 454 451
2 450 451
2 449 451
1 452
1 453
1 456
2 458 457
2 461 459
3 459 462 461
1 460
2 462 458
1 457
1 463
1 471
2 466 467
1 468
2 465 469
1 470
1 466
3 468 469 465
4 470 468 464 465
2 479 473
2 475 478
2 477 475
3 478 479 473
3 474 479 473
2 477 476
1 472
3 475 473 474
1 483
1 485
3 481 487 485
1 486
2 481 484
1 480
2 481 482
2 484 481
3 492 491 493
1 495
2 489 492
3 493 488 489
2 488 493
1 494
1 488
1 490
2 501 502
1 499
1 498
2 499 497
2 496 500
3 502 501 500
1 496
2 500 503
1 508
1 505
4 510 509 505 504
2 510 507
1 507
2 504 511
1 511
3 506 505 509
2 518 513
1 517
2 514 519
4 518 517 516 515
1 516
2 518 516
2 514 517
3 519 512 516
1 522
3 525 524 526
1 521
2 526 521
2 526 520
1 525
1 523
3 524 527 522
1 530
1 534
1 533
2 532 528
3 534 529 530
1 531
2 534 528
3 529 532 535
1 542
1 537
2 538 543
2 538 536
1 543
1 541
2 540 543
2 539 543
3 546 551 550
2 544 547
2 550 546
1 549
1 548
2 546 551
2 547 549
2 544 545
1 556
2 556 557
3 555 556 554
2 559 556
2 553 558
1 552
2 553 559
2 553 554
2 567 561
3 565 561 563
1 566
2 562 565
1 565
1 560
3 561 566 564
4 564 563 561 560
1 568
1 575
1 570
1 574
1 569
2 572 573
1 573
1 571
1 582
3 580 577 583
1 577
2 576 581
1 580
3 580 579 576
1 581
3 578 576 583
2 585 586
1 590
2 589 586
1 591
1 589
1 587
2 585 588
1 584
1 598
2 592 596
2 597 593
2 599 594
1 592
1 595
2 594 599
1 597
2 605 604
3 600 607 603
3 600 604 603
3 601 604 605
5 602 606 601 603 605
1 601
3 606 607 602
1 606
3 613 609 612
3 615 608 613
1 612
1 615
3 611 614 613
3 609 612 608
1 611
3 610 614 612
1 616
3 618 619 620
2 618 622
3 619 616 622
1 621
2 623 621
2 619 617
1 620
1 631
1 630
1 628
3 630 631 625
3 626 627 631
1 629
2 630 624
1 626
4 635 638 634 639
3 632 637 635
2 639 635
1 633
1 632
1 636
2 635 634
1 637
1 640
1 644
1 647
1 645
1 641
2 642 645
2 646 640
2 643 646
2 649 655
2 652 648
2 649 648
1 648
2 653 649
1 651
1 650
2 654 653
1 657
1 656
1 660
1 661
2 662 661
4 657 660 663 662
3 657 659 660
2 658 662
1 669
2 668 667
2 668 670
1 664
2 667 664
1 671
1 666
4 670 665 671 667
1 676
2 673 678
1 674
3 677 675 676
2 676 673
3 676 673 677
1 679
2 677 672
2 685 684
1 682
2 683 687
2 680 682
1 683
2 685 681
2 685 683
3 687 686 682
2 688 689
1 691
2 689 694
2 694 693
2 692 689
1 695
3 690 689 692
1 692
1 702
1 697
2 696 702
1 699
2 697 698
1 703
4 696 701 703 697
1 700
2 705 709
1 708
1 706
2 709 707
3 706 704 708
1 705
2 711 709
2 710 704
2 715 714
2 714 716
1 717
1 719
3 716 712 719
2 716 713
2 717 718
3 715 718 712
2 727 721
1 725
2 720 722
1 727
1 726
3 725 727 723
2 726 720
2 721 724
2 729 732
2 735 728
1 734
3 728 729 731
1 729
1 733
1 731
2 733 730
1 740
2 737 741
1 736
1 739
1 742
1 737
1 743
1 738
4 746 748 747 745
1 751
2 744 750
1 745
2 749 745
2 750 746
1 748
1 746
1 756
1 753
1 752
2 757 755
3 755 756 759
1 758
1 757
2 759 754
1 764
2 765 767
1 766
2 763 761
1 760
2 762 763
1 767
2 760 762
1 771
2 769 773
1 775
2 772 774
4 768 772 771 773
1 768
1 770
4 774 775 773 772
1 776
1 777
1 783
3 783 780 781
1 778
2 779 782
1 781
2 776 779
2 787 786
2 788 785
2 784 788
2 789 791
2 790 789
1 790
2 791 784
3 790 784 787
2 795 794
1 799
1 797
3 792 796 793
3 795 798 796
2 798 796
2 798 795
1 793
2 800 804
2 801 803
1 805
2 805 801
1 802
3 802 805 806
1 800
2 807 806
2 810 814
1 812
1 813
2 814 809
4 810 808 811 813
1 815
2 815 811
3 809 808 814
3 816 823 819
3 820 822 819
2 816 822
1 820
3 823 816 819
2 817 820
1 818
2 821 819
3 824 829 827
4 828 827 826 830
3 830 826 825
2 824 827
2 826 824
2 826 828
1 825
4 831 830 827 824
2 836 834
1 835
1 837
2 835 833
1 838
2 836 839
1 832
2 838 836
4 843 841 847 845
1 847
1 844
1 842
1 841
1 845
2 840 846
3 841 840 842
3 854 852 848
1 853
2 852 848
3 849 851 850
2 852 849
1 855
2 854 848
2 854 850
1 861
1 862
2 863 860
2 858 859
2 859 862
3 862 860 856
2 862 856
2 857 861
1 864
3 865 869 870
1 871
2 865 870
1 869
3 868 866 871
2 866 868
2 867 870
2 874 875
1 879
1 876
3 877 875 872
2 873 872
1 877
1 873
3 878 879 872
2 880 882
1 884
2 881 882
2 886 885
1 883
2 884 887
1 881
2 886 885
3 895 889 893
2 889 894
2 892 889
1 888
2 890 889
3 892 894 893
1 891
1 893
1 901
1 900
1 896
1 903
2 899 896
1 898
2 897 899
3 898 902 896
4 908 911 906 905
1 907
2 911 907
4 908 909 906 904
2 905 908
1 910
2 908 905
1 909
3 916 912 917
2 916 912
3 914 919 915
1 919
1 918
2 916 917
1 914
2 913 916
2 922 923
3 921 927 926
2 926 925
2 921 927
3 922 925 926
1 922
2 920 924
2 920 923
3 929 933 935
5 932 928 933 930 929
2 928 932
3 935 930 928
2 934 929
3 931 935 933
1 934
1 931
1 940
1 937
2 942 940
1 938
1 936
2 939 941
3 941 936 942
2 938 943
1 948
1 946
2 944 947
1 949
2 950 945
1 945
2 950 944
2 951 949
2 954 955
2 955 959
2 958 956
1 957
1 955
4 957 953 952 955
3 954 959 952
3 955 958 956
1 961
2 965 963
1 966
2 966 964
1 963
2 960 963
2 962 965
1 967
1 972
2 975 970
1 968
2 970 969
1 973
2 969 974
2 971 975
2 972 971
1 979
2 983 978
2 982 980
1 981
3 983 977 978
3 976 979 982
1 983
3 980 981 977
3 986 989 984
1 991
2 984 987
2 987 990
1 988
1 990
2 987 985
1 986
3 997 994 993
1 999
3 997 993 994
1 998
4 997 992 995 999
1 995
2 996 999
2 993 999
1 1005
3 1005 1002 1007
1 1000
1 1004
2 1000 1006
1 1001
2 1000 1002
1 1003
3 1009 1015 1014
4 1013 1010 1011 1012
3 1008 1011 1012
2 1013 1014
3 1013 1009 1010
2 1013 1015
2 1011 1012
2 1010 1013
1 1017
1 1016
1 1018
1 1020
1 1021
1 1022
1 1023
2 1019 1022
2 1030 1025
1 1028
3 1025 1029 1024
1 1025
2 1030 1026
3 1026 1031 1030
1 1027
1 1029
1 1036
2 1037 1032
2 1037 1034
2 1039 1032
3 1034 1033 1037
1 1035
1 1038
1 1034
2 1046 1045
3 1043 1041 1044
2 1046 1040
1 1042
3 1044 1043 1040
2 1043 1041
2 1043 1045
2 1044 1047
2 1054 1049
3 1052 1049 1050
2 1051 1049
1 1055
1 1053
1 1050
1 1048
1 1051
2 1057 1059
2 1060 1059
2 1059 1061
1 1058
2 1057 1062
2 1063 1061
2 1061 1060
1 1056
2 1064 1069
1 1064
1 1067
1 1065
3 1066 1068 1070
3 1071 1064 1066
3 1064 1070 1066
2 1064 1068
2 1079 1072
1 1075
3 1072 1075 1077
2 1076 1078
1 1077
1 1078
1 1073
2 1078 1074
3 1084 1081 1086
1 1083
2 1080 1085
4 1086 1082 1087 1081
4 1081 1082 1086 1083
1 1087
1 1085
2 1085 1084
2 1088 1092
1 1091
1 1094
1 1089
3 1090 1091 1088
2 1095 1094
2 1093 1090
1 1088
2 1099 1098
3 1097 1102 1098
3 1099 1101 1097
3 1097 1102 1101
2 1103 1100
4 1100 1103 1098 1101
1 1096
3 1100 1101 1096
1 1111
2 1110 1104
2 1111 1106
2 1107 1108
4 1107 1104 1110 1111
2 1104 1105
3 1105 1109 1107
1 1109
4 1116 1114 1112 1117
3 1114 1112 1113
2 1117 1116
1 1118
1 1119
3 1114 1112 1113
1 1113
2 1119 1115
3 1123 1122 1127
1 1124
2 1123 1120
3 1123 1124 1125
2 1127 1121
1 1123
2 1126 1124
1 1121
2 1132 1134
1 1135
3 1135 1133 1130
1 1128
1 1134
1 1130
1 1131
1 1129
1 1141
1 1138
1 1140
1 1143
2 1139 1137
1 1142
2 1137 1140
1 1136
1 1144
1 1149
3 1148 1144 1149
4 1151 1144 1148 1145
2 1150 1148
1 1146
3 1144 1147 1145
3 1149 1151 1146
1 1154
1 1157
1 1155
2 1158 1154
2 1159 1154
2 1152 1157
1 1156
1 1153
1 1167
3 1163 1161 1166
2 1160 1162
2 1164 1167
1 1160
1 1163
4 1162 1164 1160 1165
3 1166 1160 1163
2 1173 1168
2 1169 1173
1 1175
1 1171
2 1170 1173
2 1169 1174
1 1172
4 1172 1171 1173 1168
2 1182 1176
3 1178 1181 1179
4 1177 1179 1183 1180
3 1180 1176 1179
1 1181
3 1183 1178 1177
2 1182 1181
1 1183
1 1189
2 1184 1191
1 1186
3 1191 1187 1188
3 1187 1188 1184
2 1187 1190
2 1185 1186
2 1188 1187
1 1193
3 1195 1199 1198
1 1196
2 1193 1198
3 1199 1197 1195
1 1192
3 1193 1196 1194
2 1197 1199
2 1207 1203
2 1204 1201
2 1202 1200
1 1200
1 1204
2 1205 1207
1 1206
2 1207 1205
1 1208
2 1211 1208
1 1214
1 1209
1 1210
3 1212 1211 1208
4 1214 1212 1215 1209
1 1213
3 1222 1219 1217
1 1219
1 1223
1 1221
1 1218
2 1220 1221
2 1220 1216
2 1217 1220
2 1231 1225
1 1224
3 1225 1230 1231
1 1228
1 1226
2 1230 1227
2 1230 1224
2 1229 1225
2 1234 1235
2 1236 1233
2 1239 1233
1 1233
1 1232
1 1238
1 1237
2 1235 1234
2 1245 1247
2 1240 1241
4 1247 1241 1246 1245
2 1243 1241
1 1242
1 1246
3 1247 1245 1244
3 1244 1242 1243
3 1252 1253 1255
2 1253 1249
2 1249 1254
1 1251
1 1248
1 1250
3 1252 1253 1249
2 1253 1254
3 1257 1262 1260
1 1259
2 1258 1256
3 1260 1258 1257
4 1261 1257 1259 1263
3 1257 1256 1260
2 1257 1263
2 1259 1258
2 1270 1268
2 1265 1268
2 1268 1271
1 1267
1 1264
2 1271 1265
1 1266
3 1264 1265 1269
2 1277 1272
2 1279 1273
2 1276 1272
1 1278
2 1276 1275
3 1279 1276 1275
4 1272 1274 1277 1278
2 1273 1279
1 1284
1 1283
1 1285
1 1286
2 1283 1282
1 1280
3 1286 1283 1287
2 1281 1284
4 1290 1295 1289 1292
1 1288
2 1291 1289
2 1288 1294
1 1290
1 1292
2 1292 1293
2 1295 1291
2 1298 1301
3 1297 1302 1299
1 1296
2 1297 1303
1 1299
4 1296 1298 1297 1300
3 1301 1296 1300
1 1297
2 1308 1310
2 1306 1311
1 1309
1 1307
2 1307 1306
2 1308 1305
1 1304
2 1310 1305
2 1312 1319
2 1316 1314
5 1316 1313 1319 1312 1317
1 1319
1 1318
1 1317
1 1313
2 1319 1315
1 1326
2 1326 1320
2 1327 1323
1 1322
1 1321
2 1324 1326
1 1325
2 1323 1326
1 1331
1 1335
3 1329 1332 1330
1 1333
3 1335 1334 1329
3 1329 1333 1330
1 1330
3 1328 1329 1334
2 1339 1337
1 1337
1 1342
1 1343
2 1340 1336
1 1338
2 1341 1338
2 1339 1336
1 1351
1 1346
1 1345
1 1347
1 1348
2 1350 1349
1 1344
1 1349
2 1354 1357
3 1353 1355 1354
2 1355 1358
1 1357
3 1352 1353 1354
2 1356 1352
2 1355 1352
2 1353 1359
1 1365
2 1366 1363
2 1363 1361
3 1360 1365 1367
2 1365 1364
1 1362
1 1367
3 1361 1360 1367
3 1369 1368 1372
2 1373 1375
2 1368 1370
2 1368 1375
2 1374 1372
1 1371
1 1373
2 1370 1372
2 1380 1381
1 1377
2 1376 1378
3 1381 1376 1377
2 1383 1382
1 1383
1 1376
2 1381 1379
3 1391 1385 1389
1 1389
1 1391
2 1384 1387
1 1390
2 1386 1384
1 1384
1 1388
3 1393 1399 1392
3 1392 1397 1398
2 1395 1394
3 1395 1397 1392
1 1394
2 1392 1393
2 1393 1398
2 1399 1396
2 1405 1403
2 1403 1407
1 1402
3 1400 1404 1407
2 1403 1404
1 1400
2 1405 1401
2 1403 1406
1 1408
1 1412
3 1412 1408 1409
1 1410
2 1411 1408
1 1415
2 1408 1414
1 1413
1 1420
3 1418 1422 1420
3 1423 1418 1416
3 1422 1417 1418
2 1417 1420
2 1416 1419
1 1419
2 1420 1421
2 1425 1424
3 1427 1426 1429
1 1429
1 1424
2 1425 1430
2 1425 1428
1 1431
3 1426 1428 1424
2 1433 1432
1 1434
1 1435
2 1437 1432
2 1432 1433
2 1438 1432
2 1434 1436
1 1439
1 1443
2 1440 1446
1 1445
1 1441
1 1444
2 1440 1447
2 1440 1447
1 1442
2 1451 1454
1 1453
1 1450
1 1451
2 1449 1450
1 1448
3 1452 1450 1449
4 1454 1449 1455 1452
3 1458 1460 1456
1 1459
1 1457
3 1463 1456 1460
3 1457 1458 1463
2 1462 1457
3 1463 1461 1459
2 1462 1461
1 1465
1 1468
2 1466 1471
2 1468 1469
2 1467 1468
2 1465 1470
3 1465 1471 1466
1 1464
1 1476
5 1477 1474 1476 1472 1473
3 1477 1475 1472
3 1477 1472 1475
1 1473
3 1477 1479 1475
2 1474 1479
1 1478
1 1486
1 1484
1 1482
2 1486 1485
3 1482 1483 1484
2 1487 1480
2 1484 1480
1 1481
2 1495 1488
3 1495 1492 1488
3 1489 1492 1493
2 1492 1493
1 1490
1 1491
2 1490 1489
2 1489 1494
2 1503 1500
1 1499
2 1496 1497
1 1503
1 1496
3 1503 1496 1501
1 1502
1 1498
1 1511
3 1511 1510 1504
4 1509 1508 1510 1507
3 1504 1509 1505
1 1508
2 1510 1507
1 1504
2 1511 1506
3 1519 1518 1513
2 1516 1513
3 1512 1514 1516
1 1518
2 1519 1514
2 1515 1512
1 1517
1 1516
3 1524 1526 1520
2 1523 1524
2 1527 1525
2 1524 1526
2 1522 1525
1 1520
3 1526 1523 1521
3 1527 1525 1522
1 1532
1 1535
2 1530 1533
1 1531
2 1530 1529
1 1529
2 1530 1528
1 1534
1 1538
1 1543
2 1541 1543
3 1537 1539 1543
1 1542
1 1540
2 1539 1542
2 1539 1536
2 1546 1544
2 1544 1551
2 1546 1545
3 1545 1548 1550
3 1546 1547 1545
2 1548 1550
1 1547
1 1549
2 1553 1558
1 1555
2 1559 1552
4 1554 1558 1553 1552
2 1554 1552
1 1553
1 1557
4 1559 1557 1556 1558
2 1562 1565
3 1566 1567 1561
1 1560
1 1564
2 1567 1561
1 1565
1 1566
2 1567 1563
2 1574 1573
3 1570 1569 1572
1 1571
1 1572
2 1570 1575
1 1568
1 1569
1 1574
3 1580 1582 1579
1 1580
1 1578
1 1577
3 1579 1580 1583
2 1583 1576
2 1577 1579
2 1580 1581
2 1588 1584
1 1589
2 1587 1590
2 1586 1591
1 1587
2 1589 1584
4 1591 1584 1590 1589
3 1585 1590 1587
4 1594 1598 1596 1593
2 1594 1596
2 1599 1595
2 1599 1592
1 1597
1 1593
1 1595
2 1596 1594
2 1600 1605
1 1604
1 1606
3 1602 1601 1607
3 1603 1601 1600
1 1603
1 1607
1 1605
3 1610 1612 1609
2 1610 1613
3 1611 1612 1610
2 1608 1614
1 1608
1 1611
1 1610
2 1615 1611
2 1619 1623
3 1619 1617 1618
2 1622 1618
1 1617
1 1620
2 1616 1619
3 1623 1617 1621
3 1620 1621 1623
4 1630 1626 1629 1631
2 1628 1624
3 1630 1628 1626
3 1627 1628 1626
1 1625
2 1628 1627
3 1629 1631 1624
1 1626
2 1634 1639
1 1639
1 1636
2 1637 1633
2 1632 1639
1 1635
1 1633
2 1638 1637
2 1645 1644
3 1645 1643 1640
3 1642 1643 1647
3 1644 1641 1645
2 1642 1640
2 1640 1643
2 1642 1646
3 1644 1646 1640
2 1651 1649
1 1654
2 1653 1650
3 1651 1655 1648
2 1653 1649
2 1654 1650
1 1652
2 1654 1648
1 1659
3 1663 1656 1660
2 1660 1658
3 1662 1660 1656
3 1658 1663 1660
1 1656
3 1657 1659 1663
1 1661
1 1668
1 1664
2 1666 1667
4 1670 1665 1667 1669
1 1665
3 1671 1664 1665
3 1667 1670 1665
2 1664 1669
3 1678 1679 1677
2 1672 1677
2 1678 1679
2 1675 1676
2 1674 1678
1 1676
3 1672 1675 1679
2 1673 1676
1 1681
1 1680
2 1680 1682
2 1681 1686
2 1684 1685
2 1685 1682
1 1683
1 1687
1 1688
2 1692 1693
1 1692
1 1695
3 1690 1689 1695
1 1691
1 1690
2 1688 1694
1 1697
2 1698 1702
1 1703
1 1698
2 1701 1696
3 1697 1702 1699
3 1703 1696 1699
3 1698 1700 1702
1 1711
2 1705 1704
1 1706
1 1708
2 1710 1704
1 1707
2 1711 1709
1 1705
1 1714
3 1713 1716 1719
2 1712 1713
1 1713
1 1715
2 1712 1719
2 1713 1717
2 1718 1715
2 1727 1721
1 1722
3 1727 1722 1723
2 1723 1726
1 1720
3 1722 1723 1720
3 1722 1724 1725
2 1724 1722
1 1728
1 1735
1 1733
1 1734
3 1729 1731 1735
2 1733 1730
3 1732 1735 1729
2 1729 1732
2 1739 1736
2 1737 1741
1 1738
2 1737 1738
3 1737 1741 1739
1 1743
1 1740
1 1742
3 1744 1745 1746
1 1750
1 1749
2 1744 1748
2 1751 1748
2 1746 1745
2 1750 1747
2 1751 1744
2 1759 1756
2 1759 1755
1 1758
3 1755 1758 1753
1 1752
2 1754 1757
4 1753 1752 1754 1755
1 1754
2 1765 1762
3 1761 1760 1764
2 1761 1764
3 1764 1767 1762
2 1765 1764
2 1766 1764
1 1763
1 1761
2 1772 1775
1 1773
1 1770
4 1772 1771 1770 1769
2 1768 1775
1 1774
2 1774 1769
2 1768 1775
1 1776
3 1783 1782 1780
2 1777 1778
1 1781
2 1779 1782
2 1783 1778
2 1779 1782
1 1780
2 1787 1785
3 1789 1788 1785
1 1786
2 1787 1791
2 1784 1786
2 1788 1789
1 1791
3 1790 1786 1787
3 1792 1799 1797
1 1798
1 1792
1 1799
2 1793 1795
3 1796 1794 1799
1 1793
2 1796 1795
1 1801
1 1806
3 1804 1802 1805
1 1802
2 1803 1804
2 1803 1807
2 1800 1806
1 1805
1 1811
1 1815
3 1811 1808 1809
1 1812
3 1811 1808 1813
2 1809 1810
3 1810 1809 1814
1 1808
1 1816
1 1820
2 1820 1823
2 1817 1821
3 1817 1823 1822
3 1818 1816 1820
1 1819
2 1823 1817
3 1824 1831 1828
1 1828
1 1827
2 1825 1824
1 1825
3 1830 1828 1824
2 1829 1826
4 1829 1826 1825 1831
1 1833
2 1834 1832
1 1836
1 1835
1 1837
2 1834 1839
1 1834
1 1838
1 1842
1 1847
2 1847 1841
2 1840 1846
2 1847 1844
3 1840 1842 1845
1 1843
2 1846 1840
1 1853
1 1851
5 1854 1849 1852 1853 1848
2 1853 1848
2 1849 1855
1 1854
1 1849
1 1850
1 1857
2 1863 1860
1 1863
3 1858 1856 1860
2 1862 1859
3 1859 1860 1862
1 1858
2 1862 1861
1 1864
2 1867 1864
1 1871
1 1868
2 1865 1866
4 1867 1864 1866 1869
1 1866
2 1869 1870
2 1879 1875
2 1878 1872
2 1875 1873
1 1874
2 1875 1879
3 1876 1877 1873
1 1876
1 1878
1 1881
1 1880
3 1880 1885 1881
2 1885 1884
1 1882
1 1883
1 1887
3 1885 1886 1883
1 1894
4 1890 1892 1894 1888
1 1888
3 1895 1889 1893
2 1895 1892
1 1891
1 1889
1 1895
1 1900
2 1898 1896
2 1902 1897
1 1903
2 1901 1899
1 1899
3 1902 1897 1903
1 1898
2 1907 1905
1 1908
4 1907 1905 1909 1906
2 1904 1911
2 1906 1905
2 1908 1909
1 1910
2 1910 1904
2 1914 1915
2 1917 1914
2 1914 1916
2 1912 1918
1 1913
2 1912 1919
4 1919 1912 1917 1918
2 1916 1919
3 1922 1924 1925
1 1926
1 1923
2 1924 1921
2 1927 1926
2 1920 1926
1 1922
3 1921 1920 1927
3 1935 1934 1928
2 1930 1928
2 1929 1934
1 1934
1 1933
2 1931 1928
1 1928
1 1932
4 1943 1936 1941 1937
3 1936 1940 1939
1 1940
1 1942
2 1941 1938
2 1939 1937
1 1938
1 1936
1 1949
1 1946
2 1944 1947
2 1950 1944
2 1944 1947
1 1948
2 1951 1945
1 1951
1 1958
2 1953 1959
1 1957
1 1955
2 1953 1952
2 1954 1952
3 1957 1954 1956
1 1954
2 1961 1964
1 1961
1 1966
1 1962
2 1967 1963
3 1961 1962 1965
1 1960
1 1963
2 1974 1972
3 1972 1969 1971
1 1970
4 1971 1975 1972 1974
2 1973 1969
1 1973
2 1970 1974
1 1968
2 1978 1977
2 1976 1978
2 1983 1977
1 1980
2 1981 1979
3 1976 1980 1978
1 1979
1 1982
1 1986
1 1991
2 1988 1985
2 1987 1988
2 1990 1986
1 1984
1 1989
1 1985
3 1993 1998 1992
1 1997
3 1994 1997 1992
3 1995 1992 1999
2 1999 1997
1 1993
1 1995
3 1999 1996 1994
1 2004
5 2004 2006 2000 2002 2005
2 2001 2004
2 2000 2006
3 2006 2000 2002
1 2007
1 2002
2 2004 2003
1 2015
2 2014 2015
3 2012 2014 2008
1 2009
1 2013
1 2012
2 2011 2010
2 2010 2011
1 2021
1 2016
2 2020 2018
3 2021 2017 2022
1 2022
3 2020 2018 2022
2 2017 2019
3 2023 2019 2022
1 2029
1 2027
2 2024 2030
2 2026 2025
2 2030 2025
1 2028
2 2031 2028
1 2030
1 2038
1 2034
3 2032 2034 2033
3 2036 2037 2035
3 2034 2035 2036
1 2039
2 2034 2033
1 2036
1 2042
2 2041 2045
1 2043
1 2044
1 2040
2 2040 2047
3 2041 2047 2046
2 2040 2045
1 2055
1 2048
2 2050 2055
1 2051
2 2048 2052
5 2049 2051 2050 2054 2048
2 2054 2049
1 2053
2 2059 2058
1 2060
2 2057 2056
3 2061 2059 2062
2 2059 2057
2 2063 2060
3 2058 2062 2063
1 2059
3 2065 2067 2068
1 2071
4 2065 2066 2064 2068
2 2069 2065
3 2067 2069 2064
1 2066
3 2066 2067 2070
1 2064
2 2075 2072
1 2077
1 2079
2 2077 2073
1 2076
2 2072 2079
3 2074 2075 2076
2 2078 2072
3 2085 2084 2083
2 2087 2085
2 2086 2080
1 2086
1 2087
1 2081
3 2083 2081 2084
2 2082 2085
3 2092 2093 2091
1 2090
3 2092 2088 2091
3 2090 2091 2094
2 2089 2094
3 2095 2090 2091
2 2095 2090
1 2092
2 2102 2096
1 2103
1 2100
2 2101 2102
2 2097 2101
1 2098
1 2099
2 2100 2102
3 2108 2109 2104
1 2106
2 2111 2107
1 2104
3 2106 2110 2111
3 2104 2107 2105
2 2105 2109
3 2107 2104 2105
1 2117
1 2119
2 2119 2112
1 2114
3 2113 2118 2114
1 2118
2 2116 2115
1 2115
1 2121
3 2125 2120 2127
1 2120
2 2126 2123
3 2127 2122 2120
2 2127 2125
3 2124 2126 2125
1 2126
1 2128
3 2134 2130 2131
1 2132
4 2131 2129 2135 2133
2 2130 2132
2 2132 2135
3 2129 2134 2130
1 2133
2 2136 2138
3 2140 2143 2138
3 2138 2141 2137
2 2142 2141
2 2140 2141
2 2141 2136
2 2143 2139
1 2141
3 2146 2148 2147
2 2146 2144
1 2145
2 2148 2150
2 2151 2145
1 2149
2 2148 2147
2 2145 2146
2 2155 2158
1 2156
1 2155
1 2152
2 2159 2155
1 2157
1 2153
1 2154
2 2164 2161
2 2160 2164
2 2163 2166
3 2166 2161 2167
2 2163 2165
2 2166 2165
2 2167 2160
2 2167 2162
2 2168 2171
2 2173 2175
1 2173
1 2169
1 2170
2 2174 2173
2 2173 2168
1 2172
2 2183 2181
2 2178 2181
1 2176
1 2182
2 2180 2177
4 2179 2183 2182 2180
3 2180 2181 2182
2 2177 2176
4 2184 2189 2191 2188
2 2191 2189
1 2187
1 2188
2 2190 2185
1 2186
1 2184
1 2190
4 2196 2197 2198 2199
4 2194 2198 2192 2197
2 2193 2198
2 2192 2195
2 2198 2197
2 2195 2193
2 2196 2193
1 2199
1 2207
3 2202 2204 2200
2 2207 2202
1 2201
2 2204 2203
3 2206 2207 2200
2 2204 2205
1 2204
2 2208 2211
1 2208
2 2212 2215
3 2212 2209 2215
2 2210 2213
2 2214 2215
1 2214
2 2210 2214
3 2221 2222 2220
2 2223 2216
3 2219 2223 2221
4 2222 2221 2219 2220
1 2223
1 2218
1 2217
2 2222 2220
1 2225
2 2229 2226
2 2228 2226
2 2230 2231
2 2230 2228
2 2228 2227
2 2230 2228
2 2224 2227
1 2238
2 2238 2236
1 2237
1 2235
2 2239 2233
3 2239 2237 2234
1 2233
2 2236 2232
2 2244 2247
2 2246 2245
2 2245 2243
1 2242
2 2246 2241
1 2240
2 2241 2245
3 2245 2247 2240
2 2255 2252
2 2248 2250
1 2253
2 2248 2255
2 2251 2252
2 2254 2250
1 2249
3 2250 2254 2252
1 2258
3 2258 2257 2259
1 2256
2 2261 2259
1 2260
2 2260 2262
2 2259 2261
2 2257 2263
1 2266
1 2271
4 2269 2264 2265 2271
4 2267 2269 2264 2266
2 2266 2265
1 2267
2 2265 2270
2 2264 2268
1 2279
2 2272 2278
1 2274
3 2279 2278 2272
1 2277
3 2276 2277 2278
2 2275 2272
2 2273 2278
1 2282
2 2281 2283
4 2285 2280 2287 2281
1 2280
2 2282 2286
1 2287
1 2281
3 2284 2287 2285
2 2289 2291
1 2290
1 2295
1 2293
3 2290 2292 2288
2 2288 2294
2 2291 2289
2 2288 2293
3 2301 2302 2296
3 2301 2297 2298
1 2298
1 2296
2 2298 2301
3 2300 2297 2301
1 2303
1 2299
2 2311 2307
1 2307
1 2308
1 2304
2 2306 2305
3 2304 2310 2309
5 2304 2305 2311 2307 2309
3 2311 2304 2309
2 2319 2314
3 2319 2316 2314
2 2319 2317
3 2313 2312 2314
1 2312
1 2315
1 2319
2 2318 2314
2 2321 2324
2 2325 2323
2 2327 2322
2 2323 2326
1 2322
2 2321 2323
3 2325 2327 2321
3 2320 2327 2321
2 2331 2334
4 2335 2332 2329 2331
1 2330
1 2333
2 2328 2332
2 2335 2331
2 2329 2331
1 2332
2 2338 2336
1 2341
2 2340 2337
3 2340 2342 2336
1 2336
3 2338 2339 2337
3 2343 2342 2338
4 2338 2339 2342 2337
1 2351
3 2349 2348 2350
3 2349 2351 2346
2 2347 2344
1 2347
2 2346 2345
1 2346
1 2350
1 2357
1 2358
3 2353 2352 2354
2 2357 2352
2 2355 2359
2 2356 2359
2 2354 2356
2 2357 2356
2 2362 2365
3 2360 2367 2362
1 2364
2 2367 2362
2 2367 2360
1 2361
2 2366 2363
2 2363 2366
3 2371 2369 2370
1 2370
2 2368 2370
3 2373 2375 2372
2 2369 2375
2 2372 2371
2 2371 2374
1 2373
3 2377 2380 2381
1 2381
1 2382
1 2378
3 2376 2383 2377
3 2378 2383 2380
2 2379 2382
1 2377
2 2384 2390
1 2384
1 2387
2 2388 2385
2 2386 2388
2 2390 2389
2 2391 2388
2 2390 2388
2 2396 2394
2 2393 2397
2 2397 2398
2 2396 2394
3 2397 2394 2395
2 2392 2397
5 2398 2396 2392 2393 2394
1 2399
1 2402
1 2406
1 2407
1 2405
1 2400
1 2401
3 2407 2404 2400
3 2403 2401 2405
1 2412
1 2415
2 2408 2413
3 2409 2413 2415
1 2410
2 2413 2408
1 2411
1 2414
1 2416
2 2420 2419
3 2418 2422 2420
3 2416 2423 2417
2 2421 2423
2 2416 2419
3 2422 2419 2418
1 2423
2 2424 2431
1 2427
1 2425
2 2424 2428
3 2430 2428 2424
1 2429
1 2426
1 2430
2 2436 2432
4 2433 2436 2432 2434
3 2433 2439 2437
3 2432 2437 2438
1 2435
1 2433
3 2434 2437 2436
2 2439 2432
1 2443
2 2440 2441
2 2447 2445
1 2444
3 2447 2440 2446
1 2440
2 2442 2441
1 2447
1 2453
2 2451 2450
1 2455
2 2454 2452
2 2449 2455
4 2453 2448 2451 2450
1 2454
1 2450
1 2459
2 2457 2458
2 2463 2458
1 2460
1 2462
1 2458
1 2461
2 2456 2458
3 2471 2466 2468
4 2468 2470 2465 2464
1 2470
2 2471 2468
2 2467 2464
2 2469 2464
2 2464 2469
1 2468
1 2479
1 2472
1 2475
2 2472 2474
3 2478 2472 2473
1 2478
1 2476
2 2477 2472
1 2480
2 2487 2482
3 2484 2482 2487
2 2481 2483
1 2482
1 2486
2 2485 2484
2 2483 2481
1 2488
2 2495 2494
2 2491 2488
1 2495
3 2490 2489 2493
2 2488 2492
1 2489
2 2489 2493
2 2499 2502
1 2501
3 2500 2503 2498
2 2502 2503
1 2500
1 2497
1 2499
2 2496 2503
2 2508 2507
1 2509
2 2504 2511
2 2506 2505
2 2508 2510
1 2506
2 2510 2507
1 2511
2 2518 2512
2 2512 2514
3 2514 2519 2516
1 2515
3 2513 2512 2517
1 2514
3 2514 2518 2516
2 2513 2519
1 2527
2 2522 2523
1 2523
3 2527 2525 2523
1 2526
1 2524
2 2526 2520
2 2521 2525
3 2532 2534 2531
2 2535 2528
2 2529 2531
3 2533 2535 2528
3 2530 2528 2529
1 2529
1 2534
1 2535
2 2536 2543
1 2537
2 2538 2540
2 2536 2538
2 2543 2542
2 2536 2539
2 2541 2536
1 2539
2 2545 2549
2 2549 2546
3 2547 2544 2545
2 2545 2544
2 2548 2547
1 2551
2 2546 2551
1 2550
2 2552 2556
1 2559
2 2556 2552
2 2555 2556
4 2557 2554 2559 2552
1 2557
1 2553
1 2558
2 2560 2566
2 2564 2562
3 2565 2564 2567
1 2563
1 2561
2 2563 2567
2 2566 2567
1 2565
2 2568 2569
2 2571 2570
1 2573
2 2574 2571
1 2574
3 2571 2572 2568
1 2568
1 2575
2 2580 2583
3 2583 2577 2582
2 2578 2576
3 2578 2579 2576
4 2581 2577 2578 2582
1 2581
1 2579
3 2580 2578 2582
1 2587
3 2586 2584 2589
4 2584 2591 2586 2590
2 2586 2585
2 2589 2591
3 2590 2588 2586
3 2588 2590 2586
2 2589 2590
4 2598 2593 2599 2594
2 2596 2598
1 2592
1 2599
2 2593 2592
1 2594
3 2592 2598 2597
2 2592 2595
2 2600 2603
2 2605 2604
2 2603 2604
3 2603 2601 2600
2 2607 2602
2 2602 2600
3 2605 2601 2604
1 2606
2 2609 2615
2 2614 2610
2 2609 2610
1 2615
2 2613 2612
2 2614 2612
3 2614 2610 2611
1 2608
1 2619
1 2621
2 2621 2622
2 2617 2619
1 2616
2 2622 2623
2 2620 2623
1 2618
2 2624 2630
2 2624 2625
2 2627 2631
2 2626 2628
3 2626 2627 2629
1 2628
4 2630 2628 2627 2631
2 2625 2629
2 2639 2637
2 2635 2633
1 2634
1 2639
1 2632
1 2636
2 2637 2633
1 2638
1 2646
1 2647
2 2642 2643
2 2643 2642
1 2644
1 2645
1 2640
3 2641 2645 2644
1 2649
1 2654
4 2654 2650 2652 2653
1 2651
3 2648 2655 2652
1 2648
3 2652 2654 2655
1 2650
1 2660
2 2658 2659
3 2657 2659 2662
1 2662
2 2661 2663
2 2659 2657
1 2656
3 2663 2662 2657
3 2671 2669 2668
1 2667
2 2664 2668
2 2665 2668
2 2668 2671
2 2670 2668
2 2665 2666
1 2669
1 2672
3 2674 2679 2676
1 2675
1 2674
1 2676
2 2673 2677
2 2673 2676
2 2678 2679
1 2683
1 2682
3 2680 2684 2681
3 2685 2686 2680
1 2686
1 2687
1 2680
2 2684 2687
1 2689
2 2693 2690
1 2692
3 2688 2689 2690
2 2691 2688
1 2694
5 2693 2692 2688 2694 2690
2 2690 2695
3 2700 2701 2702
3 2699 2701 2696
2 2701 2702
1 2703
3 2702 2703 2699
3 2702 2696 2700
1 2697
2 2700 2698
2 2709 2710
1 2709
3 2704 2709 2705
2 2704 2709
2 2708 2704
2 2704 2711
1 2706
1 2707
1 2715
1 2717
1 2716
2 2712 2713
1 2714
2 2716 2718
2 2715 2719
1 2712
2 2721 2726
1 2727
2 2725 2724
1 2720
1 2722
2 2720 2721
1 2724
2 2726 2723
1 2732
3 2729 2731 2733
2 2735 2728
2 2728 2730
2 2735 2731
2 2728 2735
4 2733 2730 2729 2735
2 2730 2734
