4 1000 2 3997
2 6 5
1 7
1 5
2 4 6
1 11
1 10
1 8
2 9 11
2 14 12
1 15
1 13
1 12
1 17
2 18 16
1 16
1 19
1 23
1 20
2 20 21
1 22
1 25
1 26
1 27
1 24
2 30 29
2 31 29
2 28 29
1 30
1 35
1 34
2 35 32
1 33
2 39 36
1 37
1 39
1 38
1 41
2 42 43
1 40
1 43
1 45
1 47
2 44 46
1 46
1 48
1 50
1 51
1 49
1 54
2 53 55
1 53
2 54 52
1 57
1 59
1 58
1 56
1 63
1 60
2 61 60
2 62 63
3 67 66 64
2 65 66
1 67
2 66 65
1 70
1 71
2 71 68
1 69
1 74
1 75
1 72
2 73 72
2 78 79
1 79
1 77
1 76
2 80 82
1 80
1 83
1 81
1 87
1 84
1 85
1 86
2 91 88
3 89 90 91
2 91 90
1 89
1 93
1 94
2 93 95
1 92
2 98 97
1 97
1 96
1 99
1 101
1 103
2 100 101
1 102
2 107 105
1 104
1 106
1 107
1 111
1 109
1 110
1 108
2 112 114
2 113 115
1 113
1 112
1 116
1 117
1 118
1 119
2 121 123
1 120
1 122
1 121
2 126 125
2 127 124
1 125
1 127
1 128
2 131 128
1 129
1 130
1 134
1 133
2 132 135
1 135
1 137
1 138
1 139
1 136
1 143
3 143 141 142
1 142
1 140
1 145
1 146
1 144
1 147
2 149 148
1 150
1 148
1 151
2 152 154
1 155
2 152 153
1 152
1 157
1 156
2 158 159
1 159
1 162
2 160 163
1 163
1 161
1 165
2 167 166
2 166 167
2 167 164
1 171
1 169
1 168
3 169 168 170
1 175
1 172
1 174
1 173
2 176 179
1 177
1 176
1 178
1 183
1 182
1 181
1 180
1 186
1 185
1 184
1 187
1 191
1 190
2 189 190
2 191 188
1 194
1 193
1 192
1 195
1 198
1 199
1 196
1 197
1 202
1 203
1 200
1 201
2 206 204
1 206
1 207
2 206 205
1 208
1 209
1 210
1 211
1 214
1 212
1 215
2 212 213
1 216
1 218
2 219 217
2 218 219
1 223
1 220
2 221 220
1 222
2 226 225
1 225
1 227
1 224
1 230
1 229
2 231 228
2 230 228
1 234
1 235
1 232
1 233
1 239
1 236
1 238
1 237
1 241
1 243
1 242
2 241 240
1 247
1 244
1 246
1 245
1 250
1 248
1 249
1 251
2 254 253
2 252 254
1 254
1 255
1 258
2 256 257
1 256
1 259
2 261 263
1 261
1 260
1 262
1 265
1 266
2 265 264
1 267
1 268
1 271
1 269
1 270
1 274
2 272 273
1 275
1 273
1 277
1 279
1 278
1 276
2 283 282
1 280
2 281 280
1 282
2 284 287
1 286
2 285 287
2 284 286
1 291
2 290 288
1 290
2 288 289
1 293
1 295
1 292
1 294
1 298
1 297
1 299
1 296
1 303
1 301
1 300
1 302
2 305 307
2 304 307
1 306
1 304
1 310
1 311
1 308
1 309
1 315
1 313
1 312
1 314
2 318 319
1 318
1 316
1 317
1 323
1 322
2 321 320
1 321
1 325
1 324
1 326
1 327
1 330
3 330 331 328
2 330 328
1 329
3 335 334 332
1 335
1 332
1 333
1 336
1 339
2 339 338
1 337
1 343
1 340
1 341
2 343 342
1 347
1 346
1 345
1 344
1 350
1 351
1 349
1 348
1 355
1 354
1 352
2 353 355
1 359
2 358 356
1 356
1 357
1 360
1 361
1 363
1 362
1 365
2 364 366
1 367
1 364
1 370
1 369
1 368
1 371
1 372
1 374
1 373
1 375
1 379
1 376
1 377
2 378 377
1 381
2 383 381
2 383 382
1 380
2 386 384
1 384
2 384 387
2 385 386
1 390
1 388
2 390 391
1 389
1 392
3 393 392 394
1 393
1 395
1 398
1 397
1 399
1 396
1 403
1 401
1 400
1 402
2 405 406
1 407
1 404
1 405
3 408 409 411
1 408
1 410
1 411
1 413
1 412
1 414
1 415
1 417
1 416
1 418
1 419
1 421
1 422
2 423 422
1 420
1 425
1 424
1 427
2 426 425
1 430
1 429
1 428
1 431
1 435
1 432
1 434
1 433
1 437
1 436
1 438
1 439
1 443
2 442 440
2 440 443
3 441 440 443
2 446 445
1 444
1 446
2 447 445
2 448 451
1 451
1 449
1 450
1 452
1 453
1 455
1 454
1 458
1 456
1 457
2 459 456
1 463
1 460
2 460 461
1 462
1 467
2 465 466
1 466
2 466 464
2 469 468
1 468
1 471
2 470 468
1 475
1 473
2 475 472
1 474
1 477
1 476
1 479
1 478
2 482 481
1 483
1 482
2 482 480
1 484
2 485 486
1 485
2 485 487
1 489
1 490
1 491
2 488 490
1 493
1 495
1 494
1 492
2 498 496
1 498
1 499
3 498 497 496
1 502
2 503 500
1 503
1 501
1 506
2 507 506
2 506 505
2 504 506
1 510
1 508
1 511
1 509
2 512 515
1 513
1 514
1 512
1 517
1 519
1 516
1 518
1 523
1 522
1 520
1 521
2 526 524
1 526
2 525 526
1 527
1 529
2 530 528
1 530
1 531
1 532
1 534
1 535
2 533 535
2 539 537
2 538 536
1 539
2 538 536
1 540
2 543 542
1 542
1 541
1 546
1 545
2 547 544
1 544
1 550
1 549
1 551
1 548
1 553
1 554
1 552
2 555 553
2 556 559
1 559
1 558
2 558 557
1 560
1 562
1 561
1 563
1 565
1 567
1 564
1 566
1 568
1 569
2 570 569
2 570 571
1 573
3 572 574 573
1 572
1 575
1 579
3 576 578 577
1 577
1 578
2 581 582
1 580
1 582
2 583 582
2 587 584
1 586
1 585
1 587
2 589 591
1 591
1 590
2 588 591
1 595
1 593
1 592
1 594
2 598 596
1 596
1 599
2 597 596
2 601 602
1 603
1 600
1 601
2 606 607
2 604 607
1 607
2 604 605
3 610 611 609
1 609
2 611 608
1 610
1 615
1 613
1 614
1 612
1 617
1 618
1 616
2 619 616
1 620
2 621 622
3 621 623 620
1 623
1 625
2 625 626
2 627 624
1 627
2 630 631
2 629 631
1 629
1 628
1 633
1 635
1 634
1 632
2 639 638
1 637
1 636
1 639
1 640
1 643
1 641
1 642
1 647
1 645
1 646
2 644 647
1 651
1 649
2 648 649
1 650
1 655
1 653
2 652 655
1 654
2 656 657
1 659
1 656
1 658
2 660 663
1 661
2 662 660
3 663 662 660
1 667
2 665 667
3 665 667 666
1 664
1 671
1 668
2 668 670
1 669
2 673 674
2 674 675
1 672
1 673
1 679
1 676
1 677
1 678
1 680
1 683
1 682
1 681
1 686
2 684 687
1 685
1 684
1 689
1 691
1 690
2 688 690
2 692 695
1 692
1 693
1 694
2 696 698
1 696
1 697
2 699 697
1 703
2 700 702
1 700
1 701
1 704
1 706
2 707 704
1 705
1 709
1 710
2 711 708
1 711
1 714
2 713 712
1 715
1 713
2 718 719
1 719
1 717
1 716
1 722
1 723
1 721
2 720 721
1 725
1 726
1 724
1 727
2 730 728
2 728 731
1 731
1 729
1 732
1 734
2 733 735
3 735 733 734
1 736
1 738
2 739 737
1 739
2 740 741
1 741
2 742 740
1 743
1 745
1 744
1 746
1 747
1 749
1 748
1 751
1 750
1 752
1 753
2 753 754
2 755 753
1 757
1 756
3 758 759 756
2 759 758
1 760
1 763
1 761
2 760 762
1 764
2 766 767
1 767
1 765
2 768 769
1 768
1 771
1 770
1 773
1 774
1 772
1 775
1 778
1 777
1 776
1 779
2 783 781
1 781
1 782
1 780
1 786
1 785
1 787
1 784
1 790
1 788
1 789
1 791
1 795
1 794
1 792
1 793
1 796
2 799 798
1 798
2 797 796
1 803
1 801
1 802
2 800 803
1 806
1 805
2 807 804
2 806 804
2 808 809
1 811
2 811 810
1 809
1 814
2 812 813
1 815
1 812
2 817 818
1 819
1 818
1 816
1 822
1 821
2 823 821
1 820
2 826 825
1 827
2 825 824
2 825 826
2 830 828
1 828
1 831
2 829 831
1 833
1 834
2 832 835
1 832
1 838
2 838 839
1 836
1 837
1 843
2 840 841
1 840
1 842
1 846
1 845
1 847
1 844
1 851
1 850
1 848
1 849
1 855
1 853
1 852
1 854
2 856 857
1 857
2 858 859
2 858 859
1 861
1 860
1 862
1 863
1 864
1 866
1 865
1 867
1 869
1 870
1 868
1 871
1 873
1 874
3 875 873 872
1 872
2 876 877
1 877
1 878
1 879
1 882
1 880
1 883
1 881
1 886
1 884
1 887
1 885
1 889
1 891
1 890
2 890 888
1 892
1 893
2 895 894
2 895 894
1 896
1 899
1 897
1 898
1 902
1 900
2 902 901
2 901 903
1 904
3 905 907 904
1 906
1 907
1 911
2 908 909
2 908 910
1 909
1 913
1 912
1 914
1 915
1 919
1 917
2 919 918
2 916 917
1 920
1 922
1 923
1 921
1 925
1 927
1 924
2 925 926
2 930 929
1 928
1 931
1 929
1 934
1 933
1 932
1 935
1 937
2 937 936
1 939
2 938 939
1 940
1 942
1 943
1 941
1 946
1 944
1 945
1 947
1 950
1 951
3 950 951 949
1 948
2 955 953
1 954
1 952
1 955
1 959
1 956
1 957
1 958
1 961
1 960
3 960 963 962
1 963
1 965
2 966 964
1 967
1 966
2 968 970
1 971
1 969
1 970
2 974 975
1 973
1 972
1 974
2 979 977
2 978 976
2 978 976
1 977
1 982
1 980
1 983
1 981
1 985
2 985 987
1 984
3 986 987 985
1 989
1 990
1 991
3 988 991 989
1 992
1 995
1 993
1 994
2 996 998
1 997
1 999
1 998
1 1003
2 1000 1001
2 1000 1002
1 1000
1 1007
1 1005
1 1004
1 1006
1 1011
1 1010
2 1008 1009
1 1009
1 1012
1 1015
2 1013 1012
1 1014
1 1016
1 1017
3 1017 1018 1016
1 1019
1 1020
1 1021
1 1023
2 1023 1022
1 1024
1 1025
1 1027
1 1026
1 1030
1 1029
1 1028
2 1031 1029
1 1033
1 1034
1 1035
1 1032
2 1036 1038
1 1036
2 1037 1038
1 1039
2 1040 1042
1 1043
1 1040
1 1041
2 1046 1045
1 1044
1 1047
1 1045
1 1051
1 1048
1 1050
1 1049
1 1053
1 1055
1 1052
1 1054
1 1056
1 1057
1 1059
2 1057 1058
2 1061 1063
1 1060
1 1061
1 1062
1 1066
1 1067
1 1064
1 1065
2 1068 1071
1 1069
1 1070
2 1071 1068
1 1073
1 1074
1 1075
1 1072
2 1076 1078
1 1077
1 1079
2 1076 1078
1 1082
2 1080 1081
1 1083
2 1080 1082
1 1085
1 1084
1 1087
1 1086
2 1088 1090
1 1089
1 1088
1 1091
1 1095
1 1094
3 1095 1093 1092
1 1093
2 1099 1098
1 1098
1 1097
2 1097 1096
1 1102
1 1100
2 1103 1101
1 1101
1 1105
1 1107
1 1104
1 1106
1 1111
2 1108 1109
2 1110 1109
1 1109
1 1113
2 1113 1115
1 1112
2 1113 1114
2 1117 1119
1 1118
1 1116
1 1117
1 1123
1 1121
1 1122
1 1120
1 1124
1 1125
1 1127
1 1126
1 1130
1 1129
2 1128 1131
1 1131
1 1132
1 1134
2 1133 1135
1 1135
1 1137
1 1136
1 1139
1 1138
1 1141
1 1142
1 1143
1 1140
1 1145
1 1144
1 1147
1 1146
1 1151
1 1149
1 1148
1 1150
1 1153
2 1153 1152
1 1155
1 1154
1 1158
1 1156
2 1159 1157
1 1157
1 1160
2 1161 1163
1 1163
1 1162
1 1167
1 1164
1 1166
2 1167 1165
1 1171
1 1170
1 1168
1 1169
1 1174
1 1172
2 1172 1173
1 1175
2 1178 1176
1 1179
1 1178
1 1177
1 1181
1 1182
1 1183
1 1180
2 1186 1184
1 1187
1 1185
1 1186
1 1188
1 1191
2 1190 1189
1 1189
1 1194
1 1195
2 1194 1193
1 1192
1 1199
1 1196
1 1197
2 1199 1198
1 1203
1 1202
1 1201
1 1200
2 1206 1204
1 1206
2 1204 1205
1 1207
1 1211
1 1208
2 1210 1209
1 1209
1 1214
1 1212
1 1213
1 1215
1 1218
1 1216
2 1217 1216
3 1218 1219 1216
1 1222
1 1220
1 1223
1 1221
1 1227
1 1226
1 1225
1 1224
1 1230
1 1229
1 1228
1 1231
2 1235 1232
1 1234
1 1233
2 1232 1235
1 1236
1 1239
1 1238
1 1237
2 1243 1241
2 1240 1242
1 1240
2 1242 1243
1 1247
1 1245
1 1244
1 1246
1 1250
2 1251 1250
2 1249 1248
1 1248
1 1253
1 1254
1 1252
2 1252 1255
1 1259
1 1258
2 1257 1258
2 1257 1256
2 1263 1260
1 1263
1 1261
1 1262
1 1267
1 1266
1 1265
1 1264
4 1269 1268 1271 1270
1 1271
2 1270 1268
1 1269
1 1274
1 1272
1 1273
1 1275
1 1277
1 1278
1 1276
2 1279 1276
1 1281
2 1280 1283
1 1283
1 1282
1 1284
1 1287
1 1286
1 1285
1 1290
1 1288
1 1289
2 1291 1290
1 1294
2 1295 1294
2 1292 1293
1 1293
1 1299
1 1298
2 1296 1297
1 1297
1 1301
1 1302
1 1303
1 1300
1 1307
2 1306 1305
1 1305
1 1304
1 1309
1 1311
1 1310
1 1308
1 1313
1 1315
1 1314
1 1312
2 1318 1317
2 1316 1319
1 1319
1 1318
1 1323
1 1322
1 1321
1 1320
2 1326 1325
1 1324
1 1327
2 1324 1326
2 1330 1328
1 1330
1 1331
1 1329
1 1334
1 1335
2 1334 1333
1 1332
1 1339
1 1336
1 1338
1 1337
1 1340
1 1341
1 1343
1 1342
1 1344
2 1347 1346
1 1347
2 1345 1347
1 1349
2 1350 1351
1 1351
1 1348
2 1352 1355
1 1352
1 1353
1 1354
1 1356
1 1359
1 1358
1 1357
1 1363
1 1360
1 1362
1 1361
1 1366
1 1365
2 1367 1366
2 1366 1364
1 1371
1 1370
1 1369
1 1368
1 1372
1 1374
1 1373
1 1375
1 1378
1 1379
2 1378 1377
1 1376
1 1383
1 1380
1 1381
1 1382
1 1385
1 1384
1 1386
1 1387
1 1390
1 1391
1 1388
1 1389
2 1392 1394
1 1392
1 1393
1 1395
1 1397
1 1399
1 1396
1 1398
2 1403 1401
1 1403
1 1400
1 1402
1 1404
1 1406
2 1405 1407
2 1407 1405
1 1408
2 1408 1411
1 1410
3 1410 1411 1409
1 1412
1 1414
2 1413 1414
1 1415
1 1419
1 1416
2 1416 1418
1 1417
1 1421
1 1422
1 1423
2 1420 1422
1 1427
2 1426 1424
1 1425
3 1426 1427 1424
1 1431
2 1431 1430
1 1429
1 1428
1 1432
2 1435 1432
1 1433
1 1434
3 1436 1438 1439
1 1437
1 1436
2 1437 1439
1 1440
1 1442
1 1441
1 1443
1 1444
1 1447
1 1445
2 1446 1447
1 1448
2 1450 1448
1 1449
1 1451
2 1452 1454
2 1455 1454
1 1455
1 1453
1 1458
1 1459
1 1457
1 1456
1 1463
1 1462
1 1460
2 1460 1461
1 1464
1 1467
1 1465
1 1466
2 1468 1471
1 1469
1 1468
1 1470
1 1473
1 1472
1 1475
2 1474 1475
2 1478 1479
1 1476
1 1477
1 1479
1 1482
1 1483
1 1480
2 1480 1481
1 1484
1 1487
1 1486
2 1486 1485
1 1490
1 1488
1 1491
1 1489
1 1492
1 1495
1 1493
1 1494
1 1496
1 1497
1 1499
1 1498
1 1503
1 1500
1 1501
1 1502
2 1505 1506
1 1507
1 1505
1 1504
1 1511
1 1509
1 1508
1 1510
1 1514
1 1515
1 1512
2 1513 1515
1 1518
2 1518 1517
1 1516
1 1519
1 1522
1 1523
1 1521
1 1520
1 1526
1 1524
1 1525
1 1527
1 1529
2 1530 1528
1 1530
2 1531 1529
2 1532 1534
2 1534 1533
1 1532
1 1535
1 1536
1 1538
1 1539
1 1537
2 1542 1543
3 1540 1543 1541
1 1540
2 1540 1541
1 1547
2 1546 1545
1 1545
2 1544 1545
1 1551
1 1550
1 1549
2 1551 1548
2 1552 1555
1 1553
1 1554
1 1552
1 1558
1 1556
2 1559 1558
1 1557
1 1562
1 1563
1 1561
2 1561 1560
1 1565
1 1566
1 1567
2 1564 1565
1 1571
1 1569
1 1568
1 1570
2 1575 1574
1 1573
1 1572
2 1574 1572
1 1577
1 1579
1 1578
1 1576
1 1582
1 1580
1 1581
1 1583
2 1587 1585
2 1584 1585
1 1584
1 1586
3 1590 1591 1589
1 1588
1 1591
1 1589
1 1593
1 1592
1 1595
1 1594
4 1596 1598 1599 1597
1 1596
1 1599
1 1598
1 1603
1 1602
2 1600 1603
1 1601
2 1607 1605
1 1604
1 1605
2 1606 1604
2 1610 1611
1 1608
1 1609
1 1610
1 1612
1 1614
2 1613 1612
1 1615
1 1618
1 1616
1 1617
1 1619
1 1622
1 1621
1 1620
1 1623
1 1626
1 1627
1 1625
1 1624
1 1629
1 1630
1 1631
1 1628
1 1633
3 1635 1633 1632
1 1634
2 1632 1634
1 1639
1 1638
1 1636
1 1637
1 1640
1 1641
1 1642
1 1643
2 1646 1647
2 1646 1645
1 1646
1 1644
2 1651 1650
1 1648
2 1650 1649
1 1651
1 1654
1 1652
1 1655
3 1654 1653 1652
1 1657
2 1658 1656
1 1656
1 1659
1 1661
1 1660
1 1663
2 1662 1663
1 1665
1 1666
1 1664
1 1667
1 1668
3 1669 1670 1671
2 1668 1669
1 1670
2 1672 1674
1 1675
1 1673
1 1672
1 1676
2 1676 1679
1 1677
1 1678
1 1681
1 1680
1 1683
2 1681 1682
1 1687
1 1684
1 1685
1 1686
1 1689
1 1691
2 1691 1690
1 1688
1 1692
1 1695
1 1694
1 1693
1 1696
1 1699
1 1698
1 1697
1 1701
1 1702
1 1703
2 1703 1700
2 1706 1705
1 1706
1 1704
1 1707
1 1708
1 1711
1 1710
1 1709
1 1714
1 1712
2 1715 1713
1 1713
1 1719
1 1717
1 1716
1 1718
1 1722
1 1723
1 1720
1 1721
1 1724
1 1727
1 1725
1 1726
1 1730
1 1728
1 1729
1 1731
1 1733
1 1735
1 1734
1 1732
1 1738
2 1737 1736
1 1737
2 1737 1739
2 1740 1743
1 1743
1 1742
1 1741
1 1745
1 1746
2 1747 1744
1 1744
2 1750 1751
1 1749
2 1751 1749
1 1748
1 1754
1 1755
1 1753
1 1752
1 1757
1 1756
1 1758
1 1759
1 1762
1 1761
2 1763 1760
1 1763
1 1766
2 1764 1766
2 1767 1766
1 1765
1 1769
1 1768
1 1771
1 1770
3 1774 1772 1775
1 1772
1 1773
1 1775
1 1779
2 1778 1777
1 1776
1 1778
1 1781
1 1783
1 1782
1 1780
2 1786 1784
2 1784 1787
1 1786
3 1787 1786 1785
1 1791
1 1790
1 1789
1 1788
1 1793
1 1794
2 1792 1793
1 1795
1 1797
1 1799
1 1796
1 1798
2 1802 1800
2 1800 1801
1 1802
1 1803
1 1805
1 1806
1 1807
1 1804
1 1808
1 1810
1 1809
1 1811
1 1815
1 1812
1 1814
1 1813
1 1819
1 1816
1 1817
1 1818
1 1820
2 1821 1823
1 1823
1 1822
1 1826
1 1827
1 1825
1 1824
1 1830
1 1828
3 1828 1829 1830
1 1831
1 1832
2 1835 1833
1 1834
1 1835
2 1838 1837
2 1838 1836
1 1836
1 1839
1 1843
1 1840
1 1841
1 1842
1 1845
1 1844
1 1846
2 1846 1847
1 1849
2 1850 1851
1 1848
1 1850
1 1854
1 1853
2 1853 1855
1 1852
1 1857
1 1856
1 1858
1 1859
1 1863
1 1862
1 1861
1 1860
1 1866
1 1864
1 1867
1 1865
1 1869
1 1868
2 1870 1871
1 1870
1 1875
1 1872
2 1873 1875
2 1875 1874
1 1878
2 1878 1876
1 1879
1 1877
2 1882 1881
3 1882 1883 1880
2 1880 1882
2 1880 1882
1 1885
2 1885 1884
1 1887
1 1886
1 1891
2 1888 1890
1 1889
1 1890
1 1892
1 1894
1 1893
2 1892 1895
1 1897
1 1896
1 1899
1 1898
2 1903 1902
1 1903
2 1901 1903
1 1900
2 1905 1904
1 1904
1 1907
1 1906
1 1908
2 1911 1910
1 1909
1 1911
1 1915
1 1914
1 1912
1 1913
1 1917
1 1919
1 1916
1 1918
1 1921
1 1920
1 1922
3 1921 1923 1922
1 1926
1 1925
2 1927 1926
1 1924
1 1931
2 1929 1928
1 1928
1 1930
3 1933 1934 1932
2 1934 1933
1 1935
3 1932 1933 1934
1 1938
1 1937
2 1939 1936
1 1939
1 1941
1 1943
2 1941 1940
1 1942
1 1947
1 1944
1 1945
1 1946
2 1948 1949
1 1951
1 1949
1 1950
1 1953
1 1955
2 1952 1953
2 1954 1953
2 1957 1956
1 1959
2 1959 1958
1 1956
1 1963
2 1960 1962
1 1961
1 1962
1 1966
1 1965
1 1967
1 1964
3 1971 1969 1970
1 1971
1 1969
1 1968
1 1974
2 1974 1972
1 1973
2 1975 1974
2 1977 1979
1 1978
2 1976 1979
3 1976 1978 1979
1 1981
1 1980
1 1983
1 1982
1 1984
1 1986
1 1985
1 1987
1 1991
1 1990
1 1988
1 1989
1 1993
1 1994
1 1995
2 1995 1992
1 1999
1 1998
1 1996
1 1997
1 2000
1 2003
1 2001
1 2002
1 2005
1 2007
2 2004 2006
1 2006
1 2009
2 2011 2008
1 2008
2 2009 2010
3 2014 2013 2012
1 2012
2 2015 2014
1 2015
2 2018 2016
1 2019
1 2018
1 2017
1 2022
1 2021
1 2020
1 2023
1 2024
1 2025
1 2026
1 2027
1 2031
1 2028
1 2030
1 2029
2 2035 2032
1 2035
1 2033
1 2034
1 2036
2 2036 2037
2 2039 2037
1 2038
2 2042 2043
1 2041
1 2043
3 2043 2041 2040
2 2044 2046
1 2045
1 2046
2 2045 2047
1 2048
1 2051
1 2049
1 2050
2 2054 2053
1 2052
1 2055
1 2053
1 2058
1 2057
1 2059
1 2056
1 2062
1 2060
1 2061
1 2063
2 2066 2065
1 2064
2 2067 2064
1 2066
1 2071
1 2069
2 2069 2068
1 2070
1 2075
2 2073 2072
2 2072 2074
2 2072 2073
1 2079
2 2076 2079
2 2079 2077
1 2078
1 2080
1 2083
1 2082
4 2080 2083 2081 2082
1 2087
1 2084
2 2087 2085
1 2086
1 2089
1 2090
1 2091
2 2091 2088
1 2095
1 2093
2 2092 2095
1 2094
1 2096
1 2097
2 2099 2098
1 2099
2 2103 2102
1 2100
2 2100 2101
1 2102
1 2105
1 2106
1 2104
1 2107
1 2111
1 2108
2 2109 2110
1 2109
3 2114 2112 2115
1 2114
1 2113
1 2115
2 2116 2117
2 2117 2118
1 2119
1 2117
1 2121
1 2120
2 2120 2123
1 2122
2 2124 2126
2 2124 2127
2 2126 2125
2 2124 2126
1 2130
1 2129
1 2128
1 2131
2 2132 2134
1 2133
1 2135
1 2132
1 2139
1 2137
1 2136
2 2138 2137
1 2141
2 2142 2141
1 2143
1 2140
1 2146
2 2146 2147
1 2144
1 2145
2 2151 2148
1 2150
1 2149
2 2150 2151
1 2155
1 2154
1 2152
1 2153
1 2157
1 2158
1 2156
1 2159
1 2162
1 2163
2 2162 2160
1 2161
1 2166
1 2164
1 2165
1 2167
1 2170
2 2171 2169
1 2171
2 2168 2170
1 2174
1 2172
1 2173
1 2175
2 2177 2176
1 2176
1 2178
1 2179
2 2180 2181
2 2183 2182
2 2183 2180
1 2183
1 2185
2 2185 2184
1 2186
1 2187
1 2189
1 2190
1 2188
2 2191 2188
1 2192
1 2194
1 2193
2 2193 2195
1 2199
2 2198 2199
1 2196
1 2197
2 2200 2203
1 2200
2 2202 2201
1 2202
1 2206
3 2204 2206 2207
1 2204
2 2205 2204
1 2209
1 2208
2 2210 2211
1 2210
1 2215
1 2212
2 2213 2212
1 2214
1 2218
1 2216
1 2219
1 2217
2 2221 2220
1 2220
2 2222 2220
1 2223
1 2226
1 2225
1 2224
1 2227
1 2229
1 2230
1 2231
1 2228
1 2234
2 2234 2233
1 2235
2 2232 2235
1 2238
2 2236 2238
1 2237
1 2239
1 2243
2 2243 2241
1 2242
1 2240
1 2245
1 2244
1 2247
1 2246
1 2251
1 2249
1 2250
1 2248
1 2254
1 2253
1 2252
1 2255
1 2256
2 2258 2257
2 2259 2258
1 2257
1 2260
2 2260 2262
1 2263
1 2261
1 2265
2 2265 2264
1 2267
1 2266
1 2270
1 2269
1 2268
1 2271
2 2274 2273
2 2272 2275
1 2275
1 2273
2 2277 2276
1 2277
1 2278
1 2279
2 2282 2281
1 2281
2 2281 2283
1 2280
1 2286
2 2285 2287
1 2285
2 2284 2285
1 2288
2 2289 2288
2 2289 2290
1 2291
2 2293 2295
1 2295
1 2292
1 2294
1 2296
2 2298 2297
1 2299
2 2296 2297
1 2300
1 2303
2 2300 2301
2 2302 2303
1 2305
1 2304
1 2306
1 2307
1 2310
1 2308
1 2309
1 2311
2 2313 2315
2 2312 2314
1 2313
1 2314
1 2319
1 2318
1 2317
1 2316
2 2321 2323
1 2322
1 2320
2 2321 2323
1 2325
1 2324
1 2327
1 2326
1 2328
1 2331
1 2329
2 2330 2329
1 2332
1 2335
1 2333
1 2334
2 2337 2338
1 2337
2 2339 2337
1 2336
1 2340
1 2343
1 2342
2 2341 2343
2 2347 2345
1 2344
1 2346
2 2346 2345
2 2348 2351
3 2348 2351 2350
1 2351
1 2349
1 2354
1 2353
1 2352
1 2355
2 2357 2358
1 2359
1 2356
1 2357
3 2362 2363 2360
1 2360
2 2361 2362
1 2361
1 2367
1 2365
3 2366 2364 2365
2 2367 2366
1 2369
1 2371
1 2370
2 2368 2369
1 2372
1 2373
1 2374
2 2375 2372
1 2376
1 2378
2 2378 2377
2 2379 2377
2 2381 2382
1 2383
1 2381
1 2380
1 2387
1 2385
1 2384
1 2386
1 2388
1 2391
2 2391 2390
1 2389
1 2395
2 2393 2392
2 2394 2395
1 2393
2 2397 2396
2 2397 2396
1 2399
1 2398
1 2402
1 2400
1 2401
1 2403
1 2406
1 2405
1 2404
1 2407
1 2411
1 2410
1 2408
1 2409
1 2413
1 2412
1 2414
1 2415
1 2418
1 2419
1 2416
1 2417
1 2421
1 2422
1 2420
2 2421 2423
1 2425
1 2427
1 2424
2 2426 2425
1 2431
1 2430
1 2428
1 2429
1 2435
1 2432
1 2433
1 2434
1 2436
1 2438
1 2439
1 2437
1 2443
1 2442
2 2440 2441
1 2440
1 2447
1 2444
1 2446
1 2445
2 2448 2449
1 2450
1 2451
1 2448
1 2455
1 2453
2 2452 2455
1 2454
1 2458
1 2459
2 2459 2457
1 2456
1 2463
2 2461 2462
1 2461
1 2460
3 2466 2464 2467
1 2465
2 2467 2464
1 2464
1 2468
1 2469
1 2470
2 2471 2468
2 2472 2473
1 2472
1 2474
1 2475
3 2479 2476 2477
1 2479
1 2478
1 2477
2 2482 2480
1 2483
1 2482
2 2481 2483
1 2487
2 2486 2485
1 2485
2 2487 2484
1 2491
2 2490 2488
1 2490
1 2489
1 2493
1 2495
1 2492
1 2494
1 2497
1 2498
1 2499
2 2496 2497
2 2501 2500
1 2500
1 2503
1 2502
2 2506 2507
1 2504
1 2505
1 2507
1 2511
1 2508
1 2509
2 2510 2509
1 2513
1 2515
1 2512
2 2515 2514
1 2519
1 2518
1 2517
1 2516
1 2521
1 2523
1 2522
1 2520
2 2527 2525
1 2526
1 2524
1 2525
2 2531 2530
1 2528
1 2530
1 2529
1 2535
1 2534
1 2532
1 2533
1 2538
1 2537
1 2539
1 2536
1 2541
1 2542
2 2540 2542
1 2543
1 2545
2 2546 2544
1 2544
2 2547 2545
1 2550
1 2548
1 2551
1 2549
1 2552
1 2554
2 2553 2554
1 2555
1 2557
1 2556
2 2557 2559
1 2558
1 2561
2 2561 2560
1 2562
1 2563
1 2566
1 2567
1 2565
1 2564
1 2569
1 2568
1 2571
1 2570
3 2572 2574 2573
1 2573
2 2574 2575
1 2572
1 2576
1 2577
2 2578 2579
1 2579
2 2582 2580
1 2582
1 2583
1 2581
1 2585
1 2586
1 2584
1 2587
2 2589 2588
1 2591
2 2588 2591
1 2590
1 2593
1 2594
1 2592
1 2595
1 2599
2 2597 2598
1 2598
2 2596 2599
2 2601 2602
1 2601
1 2600
1 2603
1 2606
1 2607
1 2604
2 2605 2604
1 2611
1 2608
1 2610
2 2611 2609
1 2613
1 2615
3 2614 2612 2613
2 2612 2615
2 2618 2616
2 2617 2618
1 2616
2 2617 2619
1 2623
1 2621
1 2620
1 2622
1 2624
1 2627
2 2624 2625
1 2626
1 2628
2 2629 2628
1 2631
2 2631 2630
1 2632
1 2635
1 2633
1 2634
1 2636
1 2639
1 2637
1 2638
1 2640
1 2641
1 2642
1 2643
2 2647 2646
1 2647
1 2645
1 2644
1 2649
1 2651
2 2648 2649
1 2650
1 2652
1 2653
2 2655 2653
2 2653 2654
1 2659
1 2656
1 2657
1 2658
2 2661 2662
1 2661
1 2660
1 2663
1 2664
1 2666
2 2664 2667
2 2665 2667
1 2668
1 2670
2 2669 2670
1 2671
1 2674
1 2675
3 2672 2675 2674
1 2673
1 2676
1 2677
1 2679
3 2679 2678 2676
1 2683
1 2680
1 2682
1 2681
1 2685
1 2687
1 2686
1 2684
1 2688
1 2689
1 2691
1 2690
1 2695
2 2694 2695
1 2693
1 2692
2 2698 2696
1 2697
1 2699
1 2698
1 2703
1 2700
1 2702
2 2703 2701
1 2705
1 2707
1 2706
1 2704
2 2708 2711
1 2709
1 2710
1 2711
1 2714
1 2713
1 2712
1 2715
1 2719
1 2716
1 2717
1 2718
1 2721
1 2722
1 2723
1 2720
1 2726
2 2727 2725
1 2724
1 2727
1 2728
1 2729
1 2730
1 2731
1 2735
1 2734
1 2732
2 2733 2734
1 2737
2 2739 2738
1 2739
1 2736
1 2742
1 2743
1 2740
1 2741
2 2747 2745
1 2747
1 2744
3 2747 2744 2746
2 2749 2750
1 2751
2 2749 2748
1 2748
1 2752
1 2753
1 2755
1 2754
1 2759
1 2756
1 2757
1 2758
1 2760
1 2761
2 2762 2763
2 2763 2761
1 2764
2 2765 2766
1 2767
2 2765 2764
1 2768
2 2769 2770
1 2770
2 2771 2769
1 2774
2 2775 2772
1 2772
1 2773
2 2778 2777
1 2779
1 2776
1 2778
2 2782 2783
1 2782
1 2780
2 2781 2780
1 2785
2 2786 2787
1 2786
2 2787 2784
1 2790
1 2788
1 2789
1 2791
1 2793
1 2792
1 2794
1 2795
1 2796
1 2797
1 2799
1 2798
3 2802 2801 2800
1 2801
1 2803
2 2802 2800
1 2804
1 2805
2 2807 2806
2 2807 2806
1 2808
1 2810
1 2811
2 2809 2811
1 2815
1 2814
1 2813
1 2812
1 2818
1 2816
1 2819
2 2817 2819
2 2822 2823
1 2822
1 2821
1 2820
3 2826 2824 2825
1 2827
1 2826
1 2824
1 2830
1 2828
1 2829
1 2831
2 2834 2835
2 2832 2834
1 2833
1 2832
1 2839
1 2836
1 2838
1 2837
1 2841
2 2842 2840
2 2843 2842
1 2843
1 2844
1 2846
1 2845
1 2847
1 2848
2 2851 2848
1 2849
1 2850
1 2855
2 2855 2853
1 2854
2 2855 2852
3 2858 2856 2857
1 2856
1 2857
1 2859
1 2861
1 2860
1 2862
1 2863
1 2865
1 2866
1 2867
1 2864
1 2871
2 2868 2871
1 2870
1 2869
1 2874
1 2875
1 2873
1 2872
1 2878
2 2878 2879
2 2876 2878
1 2877
1 2883
1 2881
2 2883 2880
1 2882
2 2887 2884
2 2886 2885
1 2884
1 2886
1 2890
1 2888
1 2891
1 2889
1 2893
1 2895
1 2894
1 2892
2 2897 2898
1 2896
1 2899
1 2898
2 2900 2902
1 2900
2 2901 2903
1 2903
2 2907 2904
1 2905
1 2906
2 2906 2907
1 2911
2 2911 2910
2 2909 2908
1 2908
1 2913
1 2915
1 2914
1 2912
1 2918
1 2916
1 2917
1 2919
1 2921
1 2923
1 2920
1 2922
3 2926 2925 2924
1 2924
1 2925
1 2927
1 2928
1 2929
1 2931
1 2930
1 2934
1 2932
1 2933
2 2935 2933
1 2938
2 2936 2937
2 2938 2939
1 2936
2 2940 2942
1 2941
1 2942
1 2943
1 2944
1 2947
1 2945
1 2946
1 2951
2 2950 2948
2 2948 2950
1 2949
1 2952
1 2953
1 2954
1 2955
2 2959 2958
1 2957
1 2959
1 2956
1 2961
1 2962
3 2962 2960 2963
1 2963
1 2964
1 2967
1 2965
1 2966
1 2970
1 2968
1 2969
1 2971
1 2974
2 2973 2972
1 2973
3 2975 2973 2972
1 2978
2 2977 2976
1 2979
1 2976
1 2980
1 2983
1 2981
1 2982
1 2984
1 2986
1 2985
2 2987 2985
1 2989
3 2989 2990 2991
2 2991 2990
1 2988
1 2995
1 2992
1 2993
1 2994
1 2996
1 2998
1 2997
1 2999
1 3001
2 3003 3000
1 3002
1 3000
2 3007 3005
2 3007 3005
1 3006
1 3004
1 3010
1 3008
1 3011
1 3009
1 3014
1 3013
3 3014 3012 3015
1 3012
1 3018
2 3017 3019
1 3017
2 3019 3016
1 3022
1 3021
1 3023
1 3020
1 3024
1 3026
1 3027
1 3025
3 3031 3030 3029
1 3028
2 3031 3029
1 3030
2 3033 3034
1 3032
2 3032 3035
1 3033
1 3036
1 3038
1 3039
1 3037
1 3042
1 3041
2 3043 3041
1 3040
2 3047 3044
1 3046
1 3047
1 3045
1 3049
1 3050
1 3051
1 3048
2 3052 3053
1 3053
1 3054
2 3055 3052
1 3056
2 3056 3057
1 3059
1 3058
2 3061 3063
1 3062
1 3060
1 3063
1 3065
1 3067
1 3066
1 3064
1 3069
1 3068
1 3071
2 3069 3070
1 3074
1 3075
1 3073
1 3072
2 3078 3076
1 3077
1 3076
1 3079
1 3082
2 3081 3083
1 3081
1 3080
1 3086
2 3087 3084
2 3085 3084
1 3084
1 3088
1 3091
1 3089
2 3089 3090
1 3092
1 3093
1 3095
1 3094
1 3096
1 3097
1 3099
1 3098
1 3103
1 3101
2 3102 3101
1 3100
1 3104
2 3106 3105
1 3106
1 3107
1 3109
2 3108 3111
1 3108
1 3110
2 3113 3112
1 3112
1 3115
1 3114
2 3119 3118
1 3116
1 3119
1 3117
1 3122
2 3121 3123
2 3122 3123
1 3120
1 3126
1 3127
1 3125
1 3124
1 3130
1 3128
1 3129
2 3131 3128
2 3134 3133
1 3132
1 3135
1 3134
1 3138
2 3138 3139
1 3137
1 3136
2 3141 3142
1 3143
1 3141
1 3140
2 3144 3145
1 3147
1 3146
1 3144
1 3151
1 3149
1 3148
1 3150
2 3152 3155
1 3154
1 3152
2 3152 3153
1 3156
1 3157
1 3159
1 3158
3 3163 3162 3160
1 3161
1 3163
2 3160 3162
1 3167
1 3166
4 3167 3166 3165 3164
1 3165
1 3170
1 3171
1 3169
2 3168 3171
1 3172
2 3175 3172
1 3174
1 3173
2 3177 3178
1 3179
1 3178
1 3176
1 3183
1 3180
1 3182
2 3181 3183
2 3186 3187
2 3187 3186
2 3187 3185
1 3184
1 3191
2 3188 3190
1 3189
1 3188
1 3193
1 3195
2 3192 3193
1 3194
1 3197
2 3196 3198
2 3196 3198
2 3197 3199
1 3201
1 3203
1 3200
1 3202
2 3204 3206
1 3205
2 3206 3204
2 3207 3205
1 3211
1 3209
1 3208
1 3210
2 3215 3214
1 3215
1 3213
1 3212
2 3217 3216
1 3219
2 3219 3216
1 3218
1 3220
1 3223
1 3221
1 3222
1 3226
1 3225
1 3224
1 3227
1 3231
1 3230
1 3228
1 3229
1 3235
1 3234
1 3233
1 3232
1 3237
2 3238 3237
1 3236
2 3239 3238
1 3242
2 3241 3242
1 3243
2 3243 3240
1 3244
1 3246
2 3247 3246
1 3245
1 3248
1 3250
1 3251
1 3249
1 3255
1 3253
1 3254
1 3252
1 3256
1 3257
1 3258
1 3259
1 3260
1 3262
1 3263
1 3261
1 3266
1 3264
1 3265
1 3267
2 3270 3268
2 3269 3270
2 3268 3270
2 3268 3271
1 3272
1 3273
2 3274 3275
1 3274
2 3276 3279
1 3278
1 3277
2 3277 3279
1 3283
1 3282
1 3280
1 3281
1 3286
2 3285 3284
1 3287
1 3285
1 3291
1 3290
1 3289
1 3288
2 3293 3294
1 3294
2 3292 3295
1 3292
1 3299
2 3298 3296
1 3297
2 3299 3298
1 3302
1 3300
1 3303
1 3301
1 3307
1 3306
1 3305
2 3304 3305
1 3308
1 3309
2 3309 3311
1 3310
2 3312 3315
2 3314 3313
1 3314
1 3312
1 3317
2 3318 3316
1 3316
1 3319
1 3322
1 3321
1 3320
1 3323
1 3326
1 3325
1 3327
1 3324
1 3329
1 3331
1 3330
1 3328
1 3332
1 3335
1 3333
2 3334 3332
1 3336
1 3337
1 3338
1 3339
1 3341
1 3342
1 3340
1 3343
1 3345
1 3344
2 3346 3347
1 3346
1 3351
1 3350
1 3348
1 3349
1 3353
1 3352
1 3354
1 3355
2 3358 3357
1 3358
1 3356
1 3359
1 3362
1 3360
1 3361
2 3362 3363
1 3364
1 3365
1 3367
1 3366
1 3371
2 3369 3370
1 3369
2 3369 3368
1 3374
1 3373
1 3375
1 3372
1 3376
2 3379 3378
1 3377
1 3378
1 3381
1 3383
1 3382
2 3383 3380
1 3386
1 3385
1 3387
1 3384
1 3391
2 3389 3388
2 3390 3391
2 3390 3388
1 3393
2 3392 3395
1 3395
1 3394
1 3399
1 3397
1 3398
1 3396
1 3403
1 3400
1 3401
2 3402 3401
1 3406
2 3404 3405
1 3407
1 3405
1 3409
1 3408
1 3410
1 3411
1 3412
1 3414
2 3413 3412
1 3415
1 3417
1 3418
1 3416
1 3419
1 3423
1 3420
1 3421
1 3422
1 3425
1 3426
1 3427
1 3424
2 3430 3429
1 3428
2 3431 3428
1 3430
2 3432 3433
1 3433
1 3435
1 3434
1 3437
1 3438
1 3439
1 3436
1 3442
1 3443
1 3440
1 3441
1 3447
1 3445
1 3444
2 3444 3446
1 3449
1 3448
1 3451
2 3450 3451
1 3453
1 3455
1 3452
1 3454
1 3456
1 3459
1 3458
2 3457 3456
1 3461
1 3462
1 3463
1 3460
2 3466 3465
1 3466
1 3464
1 3467
1 3470
2 3471 3470
1 3469
1 3468
2 3474 3473
1 3475
1 3472
1 3473
1 3477
1 3479
2 3476 3478
1 3476
1 3482
1 3480
1 3481
1 3483
1 3484
1 3486
1 3485
2 3486 3487
2 3490 3491
2 3491 3489
1 3488
2 3488 3491
1 3493
1 3494
1 3495
2 3492 3493
2 3497 3496
1 3496
3 3499 3496 3498
1 3499
1 3503
2 3502 3501
2 3501 3502
1 3500
1 3506
1 3507
1 3505
1 3504
1 3508
1 3509
2 3511 3510
1 3511
1 3515
1 3512
2 3513 3514
1 3514
2 3516 3517
2 3519 3517
2 3516 3517
2 3518 3517
1 3522
1 3520
1 3521
1 3523
1 3525
1 3526
1 3524
1 3527
1 3530
2 3531 3529
3 3530 3529 3531
1 3528
1 3535
1 3533
1 3532
1 3534
1 3538
1 3537
1 3539
3 3537 3536 3539
1 3540
1 3541
1 3543
1 3542
1 3545
2 3546 3547
1 3546
2 3544 3546
1 3550
1 3549
2 3548 3551
1 3548
1 3555
2 3553 3554
2 3552 3553
1 3552
1 3557
1 3558
1 3556
1 3559
2 3563 3560
1 3561
1 3562
1 3563
2 3564 3567
1 3566
1 3567
2 3567 3565
1 3569
1 3571
1 3570
1 3568
1 3575
1 3572
1 3574
1 3573
1 3576
1 3579
2 3578 3576
1 3577
1 3581
1 3580
1 3583
1 3582
1 3586
1 3585
1 3584
1 3587
2 3591 3588
1 3588
1 3589
1 3590
1 3592
1 3593
1 3595
1 3594
1 3597
1 3599
1 3598
1 3596
2 3600 3601
1 3602
3 3600 3601 3602
1 3603
1 3606
1 3607
1 3604
1 3605
1 3611
1 3608
2 3608 3610
1 3609
1 3615
1 3614
2 3613 3615
1 3612
1 3616
1 3619
2 3617 3618
1 3618
1 3622
1 3623
1 3621
1 3620
1 3627
3 3624 3626 3625
1 3625
2 3626 3625
3 3630 3628 3629
1 3629
1 3630
1 3631
2 3633 3632
1 3634
1 3633
1 3635
1 3639
1 3636
1 3637
1 3638
1 3642
1 3643
2 3641 3642
1 3640
1 3647
1 3644
1 3645
1 3646
1 3648
1 3651
1 3649
1 3650
1 3654
1 3655
3 3653 3654 3652
1 3652
2 3659 3658
2 3658 3656
1 3657
2 3656 3659
1 3661
1 3660
2 3663 3662
2 3663 3661
1 3666
1 3667
1 3665
1 3664
1 3671
1 3669
1 3670
1 3668
1 3672
1 3674
1 3675
1 3673
1 3679
1 3677
1 3676
2 3677 3678
1 3683
3 3682 3680 3681
1 3680
2 3680 3681
1 3684
1 3687
1 3686
1 3685
2 3690 3691
2 3689 3691
2 3688 3691
1 3688
2 3692 3694
1 3693
1 3695
1 3692
1 3697
1 3696
2 3698 3696
1 3699
1 3700
2 3701 3703
1 3701
1 3702
1 3704
2 3706 3707
1 3706
2 3706 3705
1 3708
1 3711
1 3710
1 3709
1 3713
1 3715
1 3714
1 3712
1 3719
1 3718
1 3717
2 3717 3716
1 3723
1 3721
1 3720
1 3722
1 3726
1 3724
1 3725
2 3726 3727
2 3728 3730
1 3729
1 3731
1 3728
1 3733
2 3733 3734
1 3735
1 3732
1 3737
2 3736 3738
1 3739
1 3736
1 3740
1 3742
1 3743
1 3741
1 3744
1 3746
1 3747
1 3745
1 3751
1 3748
2 3750 3749
1 3750
1 3755
1 3753
1 3752
1 3754
1 3759
1 3757
3 3756 3758 3757
1 3756
1 3763
2 3760 3762
1 3761
1 3760
2 3764 3767
1 3766
1 3767
1 3765
1 3771
2 3768 3769
1 3770
1 3769
2 3774 3773
1 3772
2 3772 3775
1 3773
1 3776
1 3779
1 3777
1 3778
2 3780 3782
1 3780
1 3781
2 3783 3781
1 3787
1 3786
1 3784
1 3785
1 3788
1 3790
1 3789
1 3791
1 3793
1 3794
1 3795
1 3792
1 3797
2 3796 3799
1 3798
1 3796
1 3800
2 3801 3800
1 3802
1 3803
1 3805
1 3804
1 3806
1 3807
1 3808
1 3810
2 3811 3809
1 3811
1 3815
1 3813
2 3812 3814
3 3815 3813 3812
1 3818
1 3816
1 3819
2 3816 3817
2 3821 3822
1 3823
2 3821 3823
2 3820 3822
1 3824
1 3826
1 3825
1 3827
1 3829
1 3830
2 3831 3828
2 3831 3829
1 3834
1 3835
1 3832
1 3833
1 3838
2 3837 3836
1 3836
1 3839
2 3843 3841
1 3840
1 3842
1 3841
2 3845 3847
2 3844 3847
1 3845
1 3846
1 3848
1 3850
1 3851
1 3849
2 3852 3853
1 3854
1 3855
2 3853 3855
1 3856
2 3857 3859
1 3858
1 3859
1 3860
1 3863
1 3862
3 3860 3862 3861
1 3866
1 3865
1 3867
1 3864
1 3871
1 3870
2 3869 3868
1 3868
1 3875
1 3873
1 3872
2 3874 3873
1 3878
1 3879
1 3876
1 3877
1 3881
1 3882
2 3880 3882
2 3880 3883
1 3884
1 3885
2 3887 3885
1 3886
1 3889
1 3888
2 3889 3891
2 3890 3889
2 3892 3894
1 3894
1 3893
1 3895
1 3896
1 3899
1 3897
1 3898
2 3902 3901
1 3902
1 3903
2 3901 3900
1 3905
2 3906 3907
1 3904
1 3907
1 3909
1 3908
3 3909 3910 3911
2 3910 3909
2 3914 3915
1 3913
1 3914
1 3912
2 3918 3919
1 3919
1 3916
2 3919 3917
1 3922
1 3923
1 3921
1 3920
1 3925
1 3927
2 3924 3926
2 3926 3924
1 3929
1 3930
1 3928
1 3931
1 3932
1 3934
1 3933
1 3935
1 3937
1 3939
1 3938
1 3936
1 3942
1 3940
1 3943
1 3941
1 3947
1 3946
1 3944
2 3946 3945
1 3948
1 3950
1 3949
1 3951
1 3954
1 3955
1 3952
1 3953
2 3958 3957
1 3959
1 3956
1 3957
1 3961
1 3962
1 3963
2 3961 3960
1 3964
1 3966
1 3965
1 3967
1 3971
1 3970
1 3968
1 3969
1 3973
1 3972
1 3974
1 3975
2 3977 3979
2 3979 3978
1 3976
1 3977
1 3980
1 3982
1 3981
2 3980 3983
1 3984
1 3985
1 3987
1 3986
1 3990
1 3988
2 3989 3991
2 3988 3991
1 3995
1 3994
1 3993
1 3992
1 3996
1 3997
2 3999 3998
1 3999
