3 1000 1 2999
2 5 3
3 5 4 3
1 3
1 6
1 7
2 7 8
1 10
1 11
1 9
1 14
2 13 12
2 12 13
2 17 16
2 17 15
1 16
2 19 18
2 20 18
1 18
3 21 23 22
1 21
3 22 23 21
2 26 25
1 24
2 24 25
1 28
2 29 27
1 29
1 32
2 32 30
2 31 32
1 34
2 33 35
2 33 34
2 36 37
2 36 38
2 36 38
2 40 39
2 40 41
2 39 40
1 43
1 42
1 44
1 47
2 45 46
3 45 47 46
2 50 48
1 50
2 49 48
2 53 52
2 51 53
2 53 52
3 54 56 55
1 54
1 56
2 57 58
2 57 59
2 57 59
2 61 62
1 60
2 61 60
2 63 65
1 64
3 63 65 64
1 68
2 66 68
2 67 66
1 70
1 71
3 71 69 70
2 74 72
1 72
1 73
2 75 76
2 77 76
2 75 76
2 78 79
1 78
2 79 80
1 82
1 83
2 83 81
1 86
1 84
1 85
2 87 88
1 88
1 89
2 91 90
2 91 92
2 91 90
2 93 94
1 95
2 93 94
1 96
2 98 96
2 98 97
2 100 101
3 101 99 100
1 101
3 102 104 103
1 103
1 102
1 105
1 107
2 106 107
1 109
2 110 108
2 108 110
2 111 112
2 113 111
1 111
2 116 115
2 114 115
2 114 115
2 119 117
3 117 118 119
2 118 117
2 120 122
1 121
1 120
1 125
3 124 123 125
2 123 124
2 128 127
2 126 128
2 128 126
3 129 130 131
2 129 130
2 131 129
1 134
2 133 132
1 133
1 136
1 137
2 135 136
1 138
1 139
2 140 138
1 142
1 143
1 141
2 144 146
2 144 146
2 144 145
1 149
2 147 148
2 148 147
2 152 150
1 151
2 151 152
2 155 154
2 154 155
1 153
3 157 158 156
3 157 156 158
3 157 158 156
2 161 160
2 160 161
2 160 159
2 163 162
2 164 162
3 163 162 164
3 165 166 167
2 165 167
2 165 166
2 168 170
1 169
1 170
2 173 172
1 173
1 171
2 175 176
2 174 176
3 176 174 175
2 177 178
3 177 178 179
2 179 177
2 181 180
1 182
2 180 181
3 183 185 184
2 184 185
1 183
2 187 188
2 186 188
2 187 186
1 190
3 191 189 190
3 189 190 191
1 193
3 192 193 194
1 194
2 195 196
1 197
2 195 196
2 200 198
2 199 198
2 199 198
2 203 201
2 202 203
2 202 203
2 205 206
2 205 204
2 205 204
1 208
1 209
2 208 207
1 210
3 210 212 211
1 211
2 215 214
1 215
2 215 213
1 218
1 217
3 218 217 216
1 221
1 219
1 220
2 223 224
3 222 224 223
1 223
3 226 227 225
2 226 227
2 225 227
3 230 228 229
1 229
1 228
1 232
1 231
2 233 232
1 236
1 234
1 235
2 237 239
2 238 239
1 238
1 240
2 240 242
2 241 242
2 243 245
1 244
1 243
2 247 248
3 248 246 247
2 246 247
2 250 249
1 251
2 250 251
2 253 254
1 252
2 252 253
3 256 257 255
2 255 257
2 255 257
1 260
1 259
2 258 260
2 261 262
1 263
2 261 262
2 266 265
2 266 264
1 264
1 267
1 268
3 269 268 267
1 272
1 270
3 272 271 270
1 275
3 273 275 274
1 274
2 278 276
2 277 278
2 277 276
2 279 281
2 279 281
1 280
2 282 283
1 282
1 284
2 287 285
1 286
1 287
2 290 288
2 290 289
1 288
1 292
2 292 291
1 293
2 295 294
1 296
2 294 296
1 298
1 299
1 297
2 302 301
1 300
2 302 300
3 304 305 303
2 304 305
2 303 304
2 306 307
1 307
2 308 307
2 311 310
2 309 311
2 311 310
2 314 313
2 313 312
2 313 314
2 316 315
2 316 317
2 316 315
1 320
2 319 318
2 319 320
2 323 322
2 322 321
1 322
2 324 325
1 326
1 325
2 327 328
1 329
1 327
1 331
1 332
2 330 332
1 334
2 335 333
1 333
1 338
3 337 338 336
2 337 338
1 341
2 340 339
3 341 339 340
2 344 342
2 343 344
2 344 342
1 346
1 345
1 347
1 350
1 349
1 348
2 352 351
1 353
2 351 352
1 356
3 356 354 355
1 355
3 357 359 358
2 357 359
3 357 359 358
1 362
2 362 360
2 360 361
2 363 364
1 363
1 365
3 367 366 368
3 367 366 368
1 368
1 371
1 369
1 370
2 374 373
2 374 373
1 372
1 375
1 376
2 377 375
1 380
2 378 379
2 378 380
1 382
1 381
1 383
2 386 385
3 384 386 385
2 386 384
2 389 387
2 389 388
1 389
2 391 390
1 390
3 391 390 392
1 393
1 395
2 395 394
1 397
1 396
2 398 397
2 400 399
2 399 401
1 401
2 403 404
1 402
2 404 403
1 405
2 407 406
2 407 405
2 408 409
1 409
1 410
2 413 412
2 412 413
2 411 413
1 415
2 416 414
1 414
2 418 417
2 419 418
3 418 419 417
3 422 420 421
3 421 422 420
3 420 422 421
2 424 425
2 423 424
2 423 424
2 426 427
2 427 426
2 426 428
2 431 429
1 429
1 430
3 434 433 432
2 434 432
1 433
2 436 435
2 436 435
2 437 435
2 438 440
1 439
1 438
1 442
1 441
2 441 443
3 445 444 446
1 444
2 446 445
2 448 447
3 449 447 448
2 449 448
3 452 451 450
2 451 450
1 450
2 454 455
2 454 453
1 455
2 457 456
3 456 458 457
1 457
1 459
2 460 461
1 461
1 463
3 462 463 464
3 463 462 464
2 465 466
2 465 467
1 467
1 470
2 470 469
1 468
1 473
2 471 472
1 472
1 474
2 476 475
2 475 474
2 479 478
1 478
2 479 477
1 480
3 481 480 482
3 482 481 480
1 484
3 484 483 485
1 485
1 488
1 486
2 486 487
1 491
1 489
1 490
1 494
3 494 492 493
2 493 494
1 497
2 497 496
1 495
3 500 498 499
1 499
2 499 500
2 501 503
2 503 501
1 502
2 506 505
2 504 506
2 504 506
2 509 507
3 509 507 508
3 508 507 509
1 512
2 510 511
2 511 510
1 513
1 514
1 515
1 518
3 516 518 517
1 517
1 520
2 521 519
1 521
1 522
2 524 522
2 523 522
1 526
1 527
3 525 526 527
2 528 529
1 529
1 530
2 531 532
2 533 531
1 532
1 534
1 536
3 534 535 536
2 537 539
1 538
2 537 539
1 540
1 542
1 541
1 543
1 545
2 544 543
2 548 547
3 548 547 546
1 546
2 549 550
1 550
2 551 550
2 553 554
2 553 552
2 553 552
1 556
1 557
1 555
1 560
2 558 559
1 558
3 561 563 562
1 562
3 561 563 562
1 565
2 565 566
2 566 564
2 569 567
2 567 569
1 568
2 570 572
1 571
1 572
2 573 575
1 573
1 574
1 577
2 578 576
1 576
2 579 581
2 579 580
3 579 580 581
2 583 582
2 582 583
2 583 584
3 585 587 586
1 586
2 587 585
3 589 590 588
2 590 589
2 590 589
2 591 592
2 593 592
2 592 591
2 595 596
1 595
2 594 595
2 598 597
2 598 597
1 599
2 600 602
2 601 602
1 600
2 603 604
1 603
1 605
1 606
1 607
1 608
1 611
2 609 610
2 611 610
2 614 613
1 612
2 612 614
2 615 617
1 617
1 616
2 618 619
1 620
1 618
1 622
2 623 621
2 622 621
3 624 626 625
1 624
3 626 625 624
1 628
2 629 628
3 627 629 628
2 632 631
1 632
3 632 630 631
2 633 634
2 633 635
2 635 634
3 638 637 636
1 638
2 637 636
1 639
2 640 639
1 641
1 644
3 642 643 644
1 642
2 647 645
3 645 646 647
1 645
1 649
2 648 650
2 650 648
2 653 651
1 652
1 653
2 656 655
1 654
1 655
1 658
1 657
2 659 658
1 661
1 660
1 662
1 664
1 665
2 663 664
2 668 667
2 666 667
2 667 668
2 669 670
2 669 671
3 670 669 671
2 673 674
1 674
1 672
1 675
1 676
1 677
1 680
1 678
1 679
2 681 683
1 682
1 681
3 684 686 685
2 685 686
1 684
3 688 689 687
1 687
2 689 688
1 692
1 691
1 690
1 694
1 695
2 694 693
2 697 698
2 696 697
3 698 696 697
2 699 701
3 699 700 701
1 699
3 704 703 702
2 703 702
3 702 704 703
2 707 706
2 705 707
2 705 707
1 708
2 710 709
1 710
1 712
2 711 713
2 711 712
3 714 716 715
1 714
1 716
2 719 718
1 717
2 717 719
2 720 721
2 722 720
1 722
3 723 724 725
1 723
1 725
2 726 728
2 726 728
1 727
2 729 730
2 731 729
2 730 729
1 734
2 732 733
3 732 734 733
2 735 737
2 737 736
1 737
1 739
1 740
1 738
1 741
2 742 743
1 742
2 745 744
3 746 745 744
3 745 744 746
2 748 749
1 748
2 749 747
3 752 751 750
1 751
3 750 752 751
1 754
1 755
2 755 753
2 756 757
1 758
1 757
2 761 759
3 759 761 760
2 761 760
1 762
2 764 762
1 763
2 766 765
2 765 767
1 766
2 768 769
2 770 768
2 768 770
1 773
2 771 772
1 771
2 776 775
2 776 774
1 774
2 779 777
1 778
2 779 777
1 781
2 781 782
2 780 781
1 784
2 783 785
1 785
1 788
2 787 786
1 786
1 789
2 791 790
1 790
2 794 792
1 794
1 793
2 797 796
1 796
3 797 795 796
1 800
1 799
3 798 799 800
2 801 802
3 803 801 802
1 803
2 805 806
1 806
3 805 804 806
1 809
3 809 807 808
1 807
1 812
2 812 810
1 811
2 814 815
1 813
1 815
1 818
2 818 816
2 817 816
3 819 821 820
2 819 820
1 821
1 823
1 824
1 822
1 826
1 825
1 827
2 829 830
1 828
3 828 830 829
3 831 832 833
1 833
2 831 832
3 836 835 834
2 835 834
2 836 834
3 838 837 839
2 838 837
2 838 839
1 842
1 841
3 840 841 842
1 844
1 843
1 845
2 847 846
1 848
2 846 847
2 849 850
1 850
1 851
1 853
2 854 852
3 854 852 853
3 856 855 857
1 855
2 857 856
2 858 860
2 858 859
2 858 860
1 862
2 862 861
3 861 862 863
1 865
2 866 864
2 866 864
1 869
1 867
1 868
2 870 872
1 871
1 870
2 875 873
1 875
2 875 874
2 877 878
1 877
3 876 877 878
1 879
2 881 879
1 880
2 883 884
3 883 884 882
2 884 883
1 886
2 886 887
1 885
1 888
2 889 890
3 890 888 889
2 892 891
2 891 892
1 893
1 896
3 894 895 896
1 895
1 897
2 898 899
1 898
2 900 902
2 901 902
3 900 901 902
1 905
1 904
2 903 905
1 906
1 907
1 908
2 911 910
1 909
1 910
1 912
1 914
1 913
1 916
1 915
1 917
2 918 919
3 918 920 919
1 918
1 921
1 922
3 923 921 922
3 926 925 924
2 925 926
1 925
1 927
2 929 928
1 929
2 931 930
1 931
1 932
2 935 934
1 933
2 934 935
2 936 937
1 938
1 936
2 940 939
2 940 941
1 940
1 944
1 943
1 942
1 946
2 946 947
2 946 945
3 949 948 950
1 949
3 949 950 948
1 951
1 952
1 953
2 956 955
1 956
2 954 956
2 959 957
2 958 957
1 959
1 960
2 960 962
3 960 962 961
1 963
2 965 964
2 964 963
1 967
3 966 968 967
1 968
2 970 971
3 971 970 969
1 971
1 974
2 973 974
1 972
2 976 975
1 977
1 976
3 980 978 979
2 979 978
1 978
2 981 982
1 981
1 983
2 984 985
2 984 986
1 985
3 987 989 988
1 988
3 989 987 988
1 990
2 991 992
3 990 992 991
1 995
1 994
3 995 993 994
2 996 997
2 997 996
2 998 997
1 1001
2 999 1001
2 1001 1000
1 1003
1 1002
1 1004
2 1006 1007
1 1007
2 1006 1005
2 1010 1009
1 1009
1 1008
1 1011
2 1013 1012
2 1012 1013
1 1016
2 1014 1015
1 1015
1 1019
1 1017
2 1017 1018
2 1021 1020
3 1021 1022 1020
3 1022 1020 1021
2 1023 1024
1 1025
3 1024 1023 1025
2 1026 1027
2 1026 1028
1 1027
2 1029 1031
2 1030 1029
2 1031 1030
2 1034 1032
2 1032 1033
1 1034
2 1036 1035
2 1037 1035
3 1035 1036 1037
2 1039 1040
2 1040 1039
1 1038
1 1041
2 1041 1042
1 1043
1 1044
2 1045 1044
1 1046
2 1047 1048
2 1047 1049
2 1049 1048
1 1052
2 1051 1050
3 1052 1051 1050
2 1053 1055
2 1053 1055
2 1055 1054
2 1057 1058
3 1057 1058 1056
1 1057
1 1059
1 1060
1 1061
1 1062
1 1063
2 1063 1064
2 1065 1066
2 1066 1065
1 1067
1 1068
1 1070
2 1068 1069
1 1072
1 1071
2 1073 1072
1 1074
2 1074 1076
1 1075
1 1077
1 1078
2 1079 1077
2 1081 1080
2 1082 1080
1 1082
2 1085 1083
2 1084 1083
1 1083
2 1087 1086
2 1087 1088
2 1086 1088
1 1090
1 1089
2 1091 1090
1 1094
2 1093 1092
2 1094 1093
1 1097
2 1096 1095
2 1096 1095
2 1100 1099
2 1100 1099
2 1100 1098
1 1102
2 1101 1103
2 1101 1103
1 1105
1 1104
2 1106 1105
2 1108 1109
2 1107 1108
2 1108 1107
1 1112
1 1111
1 1110
2 1114 1115
1 1114
3 1114 1115 1113
2 1118 1117
1 1117
3 1117 1118 1116
2 1120 1121
2 1119 1120
2 1120 1121
2 1124 1123
2 1122 1123
2 1123 1122
2 1126 1127
1 1125
2 1125 1127
1 1128
2 1128 1130
2 1130 1129
2 1132 1133
2 1131 1133
3 1131 1133 1132
1 1135
1 1134
2 1136 1134
1 1138
1 1137
2 1138 1139
3 1141 1142 1140
3 1142 1140 1141
2 1141 1142
2 1144 1145
2 1144 1145
1 1143
1 1146
2 1147 1148
2 1147 1146
2 1151 1150
2 1151 1150
1 1149
3 1153 1154 1152
1 1153
1 1154
2 1155 1157
1 1157
1 1156
3 1158 1160 1159
1 1158
2 1159 1160
2 1163 1161
2 1161 1163
2 1163 1162
1 1164
3 1166 1165 1164
2 1164 1166
1 1167
2 1168 1167
1 1169
1 1172
2 1171 1170
2 1170 1172
1 1175
3 1175 1174 1173
2 1174 1173
2 1177 1178
1 1176
1 1178
2 1179 1180
1 1181
1 1179
3 1183 1184 1182
2 1182 1184
1 1183
2 1185 1187
2 1186 1185
1 1185
1 1190
1 1189
3 1190 1189 1188
2 1193 1192
2 1192 1191
3 1191 1192 1193
1 1196
2 1194 1195
2 1195 1194
2 1198 1199
2 1197 1199
2 1199 1198
1 1202
1 1200
1 1201
2 1205 1204
2 1204 1203
2 1203 1204
2 1207 1206
3 1207 1206 1208
2 1208 1207
1 1210
1 1209
1 1211
1 1212
2 1213 1212
2 1214 1213
1 1216
2 1215 1217
1 1215
1 1218
2 1219 1220
1 1220
1 1223
1 1222
1 1221
2 1226 1224
3 1226 1224 1225
1 1225
2 1229 1227
2 1227 1228
2 1228 1227
1 1232
1 1231
2 1230 1231
1 1234
2 1235 1233
1 1235
2 1236 1237
3 1236 1237 1238
1 1236
2 1239 1241
2 1240 1241
2 1240 1239
1 1242
2 1243 1244
1 1243
3 1246 1247 1245
3 1247 1245 1246
2 1246 1247
2 1249 1250
2 1249 1248
1 1248
1 1253
1 1251
2 1252 1251
3 1254 1255 1256
1 1255
1 1254
1 1259
1 1258
1 1257
1 1261
2 1261 1260
1 1262
2 1264 1265
2 1264 1265
1 1263
2 1267 1268
1 1266
1 1268
1 1269
2 1271 1270
3 1269 1270 1271
2 1272 1274
2 1272 1273
1 1274
2 1275 1277
2 1276 1275
3 1276 1277 1275
3 1278 1280 1279
2 1280 1278
2 1279 1278
1 1283
1 1281
2 1281 1282
1 1285
1 1286
2 1284 1286
1 1287
1 1288
1 1289
1 1292
2 1291 1292
1 1290
2 1295 1293
2 1293 1294
1 1295
1 1297
1 1298
2 1297 1296
2 1300 1301
2 1301 1299
2 1300 1299
1 1302
3 1303 1302 1304
1 1304
1 1306
2 1305 1307
2 1307 1306
2 1309 1310
1 1308
1 1310
3 1312 1313 1311
2 1313 1311
1 1312
3 1316 1314 1315
1 1316
2 1316 1314
3 1319 1318 1317
2 1319 1317
1 1319
2 1321 1322
2 1320 1321
2 1320 1322
2 1325 1324
2 1325 1323
2 1323 1324
2 1326 1327
1 1328
1 1327
2 1330 1329
2 1331 1330
3 1331 1329 1330
2 1334 1333
3 1333 1332 1334
1 1333
1 1337
2 1337 1335
2 1335 1336
1 1340
2 1338 1340
3 1339 1340 1338
1 1341
2 1343 1341
2 1343 1342
2 1344 1346
1 1344
2 1345 1344
1 1348
2 1348 1347
2 1349 1347
1 1352
2 1350 1351
1 1350
2 1353 1355
1 1354
1 1355
2 1358 1357
1 1356
2 1358 1357
2 1360 1359
3 1359 1360 1361
2 1360 1359
2 1364 1363
3 1362 1364 1363
2 1364 1362
2 1366 1367
1 1365
2 1366 1367
2 1368 1370
1 1368
1 1369
1 1372
1 1371
3 1371 1373 1372
2 1374 1375
2 1375 1374
2 1374 1376
3 1377 1378 1379
3 1379 1377 1378
2 1377 1378
1 1382
1 1380
2 1381 1380
1 1384
1 1385
1 1383
3 1388 1386 1387
1 1387
1 1386
1 1390
2 1389 1391
1 1389
2 1392 1393
1 1394
2 1392 1394
2 1395 1396
2 1395 1397
2 1397 1396
1 1400
1 1399
2 1399 1398
2 1401 1403
2 1403 1402
1 1401
2 1404 1405
1 1406
2 1406 1405
1 1409
2 1408 1407
1 1408
1 1411
2 1411 1412
2 1410 1412
2 1413 1415
2 1414 1415
2 1413 1415
2 1418 1416
1 1418
3 1417 1416 1418
2 1419 1420
1 1421
1 1420
2 1422 1423
2 1424 1422
2 1422 1424
1 1425
3 1425 1427 1426
2 1427 1425
1 1428
1 1430
2 1430 1429
2 1432 1433
1 1431
1 1433
1 1436
2 1434 1435
2 1434 1435
1 1439
1 1438
2 1438 1437
2 1441 1440
2 1442 1440
2 1442 1441
1 1443
2 1443 1444
2 1443 1445
2 1448 1446
2 1448 1447
2 1447 1446
2 1451 1449
1 1449
2 1450 1451
2 1452 1453
2 1452 1454
1 1452
2 1456 1457
1 1455
1 1456
2 1458 1460
2 1458 1459
1 1459
2 1461 1462
1 1463
1 1461
2 1465 1464
2 1465 1466
1 1466
1 1469
2 1469 1467
2 1468 1467
2 1471 1472
1 1472
2 1472 1470
2 1475 1474
1 1474
1 1473
1 1477
1 1478
2 1476 1478
2 1479 1480
1 1480
1 1481
2 1482 1483
2 1482 1483
2 1484 1483
2 1486 1487
1 1487
2 1485 1487
1 1490
1 1488
1 1489
2 1491 1492
2 1493 1492
1 1493
2 1495 1496
3 1494 1496 1495
1 1495
1 1497
1 1498
1 1499
2 1501 1502
1 1500
2 1502 1501
2 1504 1503
2 1505 1504
1 1503
1 1508
1 1506
1 1507
2 1509 1511
1 1510
1 1509
1 1514
2 1512 1513
2 1513 1512
1 1516
2 1515 1517
1 1515
2 1518 1520
3 1519 1520 1518
2 1519 1518
1 1521
1 1522
3 1523 1522 1521
2 1524 1525
2 1525 1524
2 1525 1526
2 1529 1528
2 1527 1529
1 1527
3 1531 1530 1532
2 1532 1530
2 1531 1530
2 1535 1534
1 1533
2 1534 1535
2 1538 1537
1 1538
2 1537 1536
1 1539
1 1540
1 1541
1 1542
1 1543
1 1544
1 1547
1 1546
1 1545
1 1550
2 1550 1548
1 1549
2 1553 1552
2 1552 1551
2 1553 1552
2 1555 1556
3 1554 1555 1556
1 1555
1 1558
2 1558 1557
1 1559
1 1561
1 1562
2 1560 1562
1 1563
3 1564 1565 1563
1 1564
1 1566
1 1567
2 1567 1568
1 1570
2 1570 1571
3 1569 1571 1570
1 1572
2 1573 1574
2 1572 1573
2 1576 1575
2 1577 1576
1 1577
2 1578 1579
2 1580 1578
2 1580 1578
2 1582 1581
1 1583
1 1582
1 1584
1 1586
2 1584 1585
2 1588 1587
2 1589 1588
2 1589 1587
2 1591 1590
1 1592
1 1590
1 1593
2 1594 1595
1 1595
2 1598 1597
2 1598 1596
2 1596 1597
2 1599 1600
1 1600
1 1601
2 1604 1602
1 1603
1 1604
1 1605
1 1607
2 1606 1605
1 1610
2 1609 1608
2 1610 1609
1 1612
3 1613 1611 1612
2 1613 1611
2 1615 1616
1 1614
1 1615
1 1619
3 1619 1617 1618
3 1618 1617 1619
1 1620
2 1622 1621
1 1621
1 1624
2 1623 1625
1 1623
2 1628 1627
1 1627
3 1628 1627 1626
2 1629 1631
2 1631 1630
1 1630
1 1632
1 1634
1 1633
2 1637 1635
2 1635 1637
1 1636
2 1639 1640
1 1639
2 1640 1638
2 1642 1643
1 1642
2 1642 1641
3 1645 1646 1644
2 1644 1646
1 1645
1 1648
1 1647
1 1649
1 1652
2 1650 1652
1 1651
2 1655 1654
1 1653
1 1655
2 1658 1656
1 1657
1 1656
1 1661
3 1660 1659 1661
2 1660 1659
2 1663 1662
3 1662 1663 1664
2 1664 1662
2 1667 1666
2 1666 1665
1 1666
2 1670 1668
1 1669
1 1668
1 1671
2 1671 1673
1 1672
1 1675
2 1674 1676
1 1676
3 1677 1678 1679
1 1678
3 1679 1678 1677
2 1682 1680
3 1682 1680 1681
2 1681 1680
1 1683
2 1683 1685
2 1684 1685
2 1687 1686
1 1686
1 1688
1 1690
2 1690 1689
2 1691 1690
2 1694 1692
3 1694 1693 1692
1 1693
2 1697 1695
2 1695 1696
2 1695 1697
2 1698 1700
1 1699
2 1699 1698
2 1703 1702
2 1702 1703
3 1701 1703 1702
2 1706 1704
1 1705
1 1706
1 1707
3 1708 1707 1709
1 1709
1 1710
2 1712 1711
1 1711
1 1713
2 1714 1715
1 1714
2 1717 1716
2 1718 1716
2 1716 1718
1 1719
2 1719 1721
1 1720
1 1723
3 1723 1724 1722
3 1722 1724 1723
2 1725 1727
2 1725 1727
1 1726
1 1728
1 1729
2 1728 1730
2 1732 1733
2 1731 1733
3 1733 1732 1731
2 1735 1734
2 1735 1736
2 1734 1735
2 1739 1738
2 1737 1739
2 1738 1739
1 1742
2 1741 1742
2 1740 1741
3 1744 1743 1745
1 1744
2 1745 1743
3 1748 1747 1746
1 1746
2 1747 1748
1 1750
2 1749 1751
1 1751
1 1753
2 1752 1753
1 1754
1 1756
3 1756 1755 1757
1 1755
1 1758
1 1760
2 1759 1758
2 1763 1762
1 1762
2 1761 1762
1 1764
2 1764 1766
1 1765
2 1767 1769
2 1768 1767
2 1767 1769
2 1770 1771
2 1772 1770
2 1772 1770
2 1773 1775
1 1774
1 1775
1 1776
1 1777
3 1776 1777 1778
2 1780 1779
1 1779
1 1781
1 1784
2 1784 1783
1 1782
1 1787
3 1785 1787 1786
1 1785
3 1789 1790 1788
1 1789
3 1788 1789 1790
1 1793
2 1792 1791
1 1791
2 1794 1796
2 1795 1794
2 1794 1795
1 1798
1 1797
2 1799 1798
1 1801
2 1800 1801
2 1800 1802
2 1805 1804
2 1805 1803
3 1803 1804 1805
2 1807 1808
2 1807 1806
1 1808
1 1810
2 1811 1810
1 1809
2 1814 1812
2 1813 1814
3 1812 1814 1813
2 1816 1815
1 1817
2 1815 1817
2 1819 1820
3 1820 1818 1819
1 1820
2 1821 1822
1 1823
2 1821 1823
1 1825
1 1824
2 1826 1825
3 1829 1828 1827
1 1827
1 1828
2 1832 1831
2 1831 1830
3 1830 1832 1831
1 1834
2 1833 1834
1 1835
1 1836
1 1837
2 1836 1838
2 1839 1841
1 1840
2 1840 1839
1 1844
3 1844 1842 1843
2 1842 1843
2 1846 1845
1 1847
1 1846
3 1848 1849 1850
2 1848 1849
2 1850 1849
3 1851 1853 1852
2 1851 1852
2 1851 1853
2 1855 1854
3 1855 1854 1856
1 1856
1 1858
1 1859
1 1857
1 1861
2 1860 1862
3 1860 1862 1861
2 1865 1863
2 1865 1864
3 1864 1865 1863
1 1868
2 1868 1866
1 1867
2 1870 1869
2 1871 1869
1 1870
1 1874
1 1873
2 1872 1873
1 1876
2 1875 1876
1 1877
1 1878
2 1880 1878
1 1879
3 1883 1882 1881
3 1881 1883 1882
2 1881 1882
1 1885
3 1885 1884 1886
1 1884
3 1887 1888 1889
2 1888 1887
1 1888
2 1892 1891
2 1891 1890
1 1890
1 1893
1 1895
2 1894 1895
2 1897 1896
1 1896
2 1898 1896
2 1901 1899
1 1900
1 1901
2 1903 1902
2 1902 1904
3 1903 1904 1902
3 1905 1907 1906
2 1906 1905
1 1906
1 1908
2 1909 1910
1 1909
3 1913 1911 1912
1 1912
3 1911 1913 1912
1 1915
2 1915 1914
2 1914 1916
1 1917
2 1919 1918
1 1919
2 1921 1922
1 1920
2 1920 1921
1 1925
2 1925 1924
1 1923
2 1928 1926
2 1926 1927
2 1926 1927
2 1929 1930
1 1931
1 1930
1 1932
2 1934 1933
2 1932 1934
1 1937
2 1937 1936
1 1935
2 1938 1940
2 1939 1940
3 1940 1938 1939
1 1941
2 1943 1941
1 1942
1 1946
2 1945 1944
2 1945 1944
2 1948 1949
3 1948 1949 1947
2 1948 1947
2 1951 1950
2 1952 1951
1 1951
1 1953
1 1954
2 1955 1953
2 1956 1958
2 1956 1957
1 1958
1 1959
2 1960 1959
1 1961
2 1962 1963
2 1964 1963
2 1964 1963
2 1966 1967
1 1966
1 1965
2 1968 1970
3 1970 1968 1969
1 1970
3 1973 1971 1972
1 1972
3 1973 1971 1972
2 1974 1976
1 1975
2 1975 1974
1 1979
1 1977
1 1978
2 1981 1980
1 1982
1 1980
1 1985
1 1984
1 1983
1 1988
1 1986
1 1987
2 1989 1990
3 1989 1991 1990
3 1990 1989 1991
1 1992
1 1993
1 1994
3 1995 1997 1996
1 1996
3 1997 1995 1996
2 1998 1999
2 1999 2000
1 2000
2 2001 2002
2 2002 2001
2 2001 2003
2 2004 2005
2 2005 2004
2 2006 2005
1 2008
2 2007 2009
1 2007
2 2011 2012
1 2011
2 2012 2010
2 2013 2015
1 2014
3 2013 2015 2014
2 2016 2018
1 2017
2 2016 2017
2 2020 2019
2 2021 2020
2 2019 2020
1 2023
2 2023 2024
2 2024 2022
2 2027 2025
1 2026
1 2025
1 2030
2 2029 2030
1 2028
1 2031
3 2031 2032 2033
1 2032
2 2034 2035
2 2036 2035
2 2036 2035
2 2037 2039
1 2038
1 2039
1 2040
1 2041
1 2042
1 2044
2 2044 2045
1 2043
1 2046
1 2048
3 2048 2047 2046
1 2050
1 2051
1 2049
2 2054 2052
2 2053 2052
3 2054 2053 2052
1 2057
1 2055
2 2056 2055
3 2058 2059 2060
1 2058
2 2060 2058
1 2062
1 2063
1 2061
1 2066
2 2066 2064
2 2064 2065
2 2069 2067
1 2067
2 2068 2067
1 2072
2 2072 2071
1 2070
1 2073
2 2074 2075
2 2075 2073
2 2076 2078
2 2078 2076
1 2077
2 2081 2079
1 2080
1 2081
1 2084
1 2082
1 2083
1 2086
1 2087
2 2085 2086
2 2089 2088
1 2090
2 2089 2088
1 2092
1 2091
1 2093
1 2095
1 2094
1 2096
1 2097
2 2098 2097
2 2097 2099
2 2101 2100
2 2101 2102
2 2102 2101
1 2103
2 2104 2105
2 2105 2104
3 2108 2106 2107
3 2108 2107 2106
2 2108 2106
1 2111
1 2109
1 2110
2 2114 2113
2 2112 2113
1 2112
1 2116
1 2115
1 2117
1 2118
3 2118 2119 2120
1 2119
2 2122 2121
1 2123
1 2122
1 2125
1 2126
2 2125 2124
3 2127 2128 2129
2 2129 2128
2 2127 2129
2 2132 2131
1 2132
2 2131 2130
2 2133 2134
2 2135 2134
1 2135
1 2137
2 2138 2137
1 2136
1 2140
3 2140 2141 2139
2 2139 2140
2 2142 2143
3 2144 2142 2143
1 2144
1 2145
2 2147 2146
2 2145 2147
1 2148
2 2150 2148
2 2150 2149
1 2153
3 2151 2153 2152
1 2151
2 2154 2156
2 2154 2155
3 2155 2154 2156
1 2157
2 2157 2158
2 2159 2157
3 2161 2162 2160
1 2161
3 2160 2161 2162
1 2163
2 2165 2164
2 2165 2163
1 2168
1 2167
2 2166 2168
1 2170
2 2171 2169
1 2171
2 2174 2172
2 2174 2173
2 2174 2173
2 2175 2177
1 2175
1 2176
1 2180
3 2179 2178 2180
1 2178
2 2182 2183
1 2182
1 2181
2 2184 2186
1 2185
1 2186
2 2189 2188
3 2187 2188 2189
2 2189 2188
2 2192 2190
2 2191 2190
2 2192 2190
1 2194
1 2195
2 2195 2193
2 2198 2197
2 2198 2196
3 2197 2196 2198
1 2199
1 2201
1 2200
1 2204
1 2202
1 2203
3 2206 2207 2205
1 2205
1 2206
3 2210 2209 2208
2 2210 2209
1 2208
2 2212 2211
1 2212
3 2213 2212 2211
2 2216 2214
1 2215
2 2214 2216
2 2217 2218
2 2218 2219
2 2217 2219
1 2222
1 2220
2 2222 2221
2 2224 2225
2 2223 2224
1 2224
1 2226
2 2227 2228
2 2227 2228
2 2230 2229
1 2230
1 2231
1 2233
2 2234 2232
2 2233 2232
2 2235 2236
2 2237 2235
1 2237
3 2239 2240 2238
1 2238
1 2239
2 2241 2243
2 2242 2241
1 2241
1 2246
1 2245
2 2245 2244
3 2247 2248 2249
2 2249 2247
1 2248
2 2251 2252
1 2252
2 2251 2250
1 2253
1 2255
1 2254
1 2258
2 2256 2257
2 2258 2256
3 2260 2261 2259
1 2261
2 2260 2259
2 2263 2262
1 2263
1 2264
2 2265 2267
2 2265 2266
1 2267
3 2269 2268 2270
1 2268
1 2269
2 2273 2271
2 2272 2273
1 2271
1 2275
1 2276
2 2274 2275
2 2279 2277
1 2279
3 2277 2278 2279
1 2281
2 2282 2280
2 2280 2282
2 2285 2284
1 2284
2 2285 2283
2 2287 2286
1 2288
1 2286
3 2291 2290 2289
1 2289
2 2290 2291
1 2294
1 2292
2 2294 2293
3 2295 2296 2297
2 2297 2296
1 2295
2 2298 2300
1 2298
2 2298 2299
1 2301
2 2302 2303
2 2303 2302
1 2305
3 2305 2306 2304
2 2305 2306
2 2308 2309
2 2309 2308
2 2309 2307
1 2312
1 2310
1 2311
1 2315
3 2315 2313 2314
1 2313
1 2317
2 2316 2318
2 2318 2316
1 2319
1 2320
1 2321
1 2324
1 2322
2 2323 2322
2 2325 2326
1 2327
1 2326
2 2328 2330
1 2329
2 2328 2329
2 2333 2332
2 2332 2331
1 2333
1 2336
3 2334 2335 2336
2 2335 2336
2 2339 2337
1 2337
1 2338
1 2340
3 2341 2342 2340
2 2340 2342
2 2344 2345
2 2345 2343
1 2343
1 2348
2 2346 2347
1 2346
1 2351
3 2350 2349 2351
2 2351 2350
2 2352 2354
2 2354 2352
2 2353 2354
1 2356
1 2355
1 2357
3 2358 2359 2360
1 2360
1 2358
1 2363
1 2362
2 2361 2363
1 2366
3 2365 2364 2366
1 2365
2 2369 2367
1 2368
2 2369 2368
2 2370 2372
2 2372 2370
1 2371
1 2375
1 2374
3 2373 2375 2374
3 2376 2378 2377
1 2377
2 2378 2377
2 2381 2379
1 2380
2 2381 2379
2 2383 2384
1 2383
1 2382
1 2387
1 2386
1 2385
1 2390
1 2388
1 2389
2 2392 2391
2 2393 2391
2 2393 2392
2 2394 2396
2 2394 2396
1 2395
2 2397 2399
2 2398 2397
1 2397
1 2401
1 2400
2 2400 2402
3 2404 2403 2405
1 2404
2 2403 2405
1 2408
1 2407
3 2407 2406 2408
1 2409
1 2410
2 2409 2411
1 2412
1 2413
2 2414 2413
1 2417
3 2415 2417 2416
2 2417 2416
2 2418 2419
1 2419
2 2420 2419
2 2423 2421
1 2422
1 2421
2 2424 2425
1 2426
2 2425 2424
2 2428 2427
1 2427
1 2429
2 2431 2430
2 2431 2432
2 2431 2432
1 2434
2 2433 2435
3 2433 2435 2434
1 2437
2 2437 2438
2 2436 2437
2 2441 2440
2 2441 2439
1 2439
1 2444
2 2442 2444
2 2442 2443
2 2445 2446
2 2445 2446
2 2447 2445
1 2450
1 2449
2 2450 2448
2 2451 2452
1 2453
1 2451
2 2456 2455
2 2454 2456
1 2455
2 2458 2457
1 2458
2 2458 2459
2 2462 2460
1 2460
1 2461
2 2465 2464
1 2465
1 2463
2 2467 2468
3 2468 2467 2466
2 2468 2466
3 2470 2471 2469
2 2471 2469
1 2470
2 2473 2474
2 2474 2472
2 2473 2474
3 2475 2476 2477
1 2475
2 2476 2477
1 2479
2 2479 2480
1 2478
2 2482 2483
1 2483
3 2481 2483 2482
2 2485 2484
3 2484 2485 2486
2 2485 2484
1 2487
1 2488
2 2487 2489
1 2492
1 2490
1 2491
2 2493 2494
2 2493 2495
1 2494
2 2498 2497
1 2497
2 2497 2496
2 2499 2500
2 2501 2499
1 2501
2 2503 2504
2 2503 2504
2 2502 2504
2 2507 2505
3 2506 2505 2507
1 2506
1 2509
2 2509 2510
1 2508
1 2512
1 2513
1 2511
1 2514
3 2514 2515 2516
1 2516
1 2519
3 2517 2518 2519
1 2518
2 2521 2522
2 2520 2522
2 2522 2520
1 2524
1 2523
1 2525
1 2527
3 2526 2528 2527
3 2528 2527 2526
3 2530 2529 2531
2 2529 2531
1 2529
3 2533 2534 2532
1 2534
1 2532
1 2536
1 2535
2 2537 2535
1 2540
1 2538
1 2539
1 2542
3 2543 2541 2542
1 2541
2 2546 2544
1 2546
2 2544 2545
1 2548
2 2549 2547
1 2547
1 2550
3 2551 2552 2550
1 2551
3 2553 2554 2555
3 2553 2554 2555
1 2554
2 2556 2557
1 2558
1 2557
2 2559 2560
1 2561
2 2559 2561
2 2563 2562
1 2564
2 2562 2564
1 2565
1 2566
2 2566 2567
2 2570 2568
2 2570 2568
1 2569
2 2572 2573
1 2571
2 2573 2572
3 2575 2576 2574
2 2574 2575
1 2574
1 2579
1 2578
1 2577
2 2580 2581
3 2582 2580 2581
2 2581 2582
2 2583 2585
3 2583 2584 2585
2 2583 2584
1 2587
1 2588
2 2586 2587
2 2589 2590
1 2591
2 2589 2590
2 2592 2594
1 2594
2 2593 2594
1 2596
1 2595
2 2597 2596
3 2598 2600 2599
3 2598 2600 2599
1 2600
1 2602
1 2601
1 2603
2 2605 2606
2 2606 2605
3 2605 2604 2606
1 2609
2 2607 2608
1 2608
2 2611 2612
3 2611 2610 2612
1 2610
2 2614 2613
2 2614 2613
1 2615
2 2616 2617
3 2616 2618 2617
2 2617 2618
2 2620 2619
2 2620 2619
2 2621 2620
3 2623 2622 2624
2 2622 2624
2 2624 2622
2 2626 2627
2 2626 2627
2 2627 2625
3 2629 2630 2628
2 2630 2628
1 2628
1 2631
3 2631 2632 2633
2 2632 2631
1 2635
1 2636
1 2634
3 2639 2637 2638
2 2639 2637
2 2639 2638
2 2640 2642
2 2640 2641
1 2640
1 2643
1 2645
1 2644
1 2646
2 2648 2647
3 2648 2647 2646
2 2651 2650
1 2651
1 2649
2 2654 2653
1 2652
1 2653
3 2657 2655 2656
3 2655 2657 2656
2 2655 2656
2 2659 2660
1 2658
1 2660
1 2661
1 2663
2 2663 2662
1 2666
2 2666 2664
1 2665
1 2668
2 2669 2667
2 2669 2667
1 2672
1 2671
2 2670 2672
1 2673
2 2674 2673
2 2675 2673
2 2678 2677
1 2678
1 2676
2 2681 2680
1 2681
1 2679
1 2682
1 2684
2 2683 2684
2 2687 2685
1 2686
1 2685
2 2690 2688
1 2689
2 2690 2689
2 2693 2692
3 2693 2691 2692
1 2691
2 2695 2696
2 2696 2694
1 2696
2 2698 2697
2 2697 2698
2 2698 2699
1 2700
1 2701
1 2702
2 2703 2705
1 2704
1 2703
1 2708
2 2706 2707
1 2707
1 2711
2 2709 2711
2 2709 2710
1 2713
2 2714 2713
1 2712
2 2716 2717
3 2716 2717 2715
3 2715 2717 2716
3 2718 2719 2720
2 2718 2719
3 2720 2718 2719
1 2723
2 2722 2723
2 2721 2723
1 2726
2 2725 2726
2 2725 2724
2 2727 2729
2 2729 2727
2 2728 2727
2 2732 2730
1 2731
2 2730 2731
3 2735 2734 2733
2 2733 2734
1 2735
1 2737
1 2736
1 2738
2 2740 2739
1 2741
1 2740
2 2744 2743
1 2742
2 2744 2742
2 2746 2745
2 2746 2747
2 2745 2747
1 2749
3 2749 2750 2748
2 2750 2749
1 2752
2 2751 2753
1 2753
1 2754
1 2755
1 2756
2 2757 2758
2 2758 2759
2 2757 2758
1 2762
2 2760 2761
1 2761
1 2763
1 2765
1 2764
1 2766
2 2767 2766
2 2766 2768
3 2771 2769 2770
2 2770 2771
2 2769 2770
2 2773 2774
2 2774 2772
2 2773 2774
2 2777 2775
1 2776
2 2775 2776
2 2778 2780
2 2780 2778
1 2779
2 2783 2781
2 2782 2783
3 2781 2782 2783
1 2784
1 2785
1 2786
1 2788
2 2789 2787
2 2787 2789
2 2791 2792
2 2790 2791
2 2791 2790
2 2793 2795
2 2795 2794
2 2795 2793
1 2797
2 2797 2796
1 2798
2 2801 2800
1 2799
2 2799 2801
1 2803
2 2803 2804
1 2802
2 2806 2805
2 2806 2807
1 2806
1 2809
2 2810 2809
3 2809 2810 2808
1 2812
2 2812 2813
1 2811
2 2814 2815
1 2816
3 2816 2815 2814
1 2819
2 2819 2818
2 2817 2818
1 2821
1 2822
1 2820
2 2825 2824
2 2824 2825
2 2823 2824
2 2828 2827
1 2826
2 2826 2828
2 2831 2830
2 2831 2830
1 2829
1 2832
3 2834 2833 2832
2 2834 2833
2 2837 2836
1 2835
1 2836
1 2839
1 2838
1 2840
1 2843
1 2841
3 2841 2842 2843
1 2846
2 2846 2845
2 2845 2844
1 2848
2 2848 2849
1 2847
2 2852 2850
2 2851 2852
1 2851
1 2855
1 2854
2 2853 2854
1 2856
2 2858 2857
2 2857 2858
2 2861 2859
2 2860 2861
1 2859
2 2863 2864
1 2862
1 2864
3 2867 2865 2866
2 2866 2867
1 2867
1 2870
2 2869 2868
1 2868
2 2871 2873
1 2872
2 2872 2873
1 2876
1 2875
3 2875 2876 2874
3 2878 2877 2879
1 2877
1 2878
1 2880
3 2882 2881 2880
3 2880 2881 2882
1 2885
2 2883 2885
2 2884 2885
1 2888
2 2886 2887
1 2886
3 2890 2889 2891
2 2891 2889
2 2891 2889
1 2892
2 2894 2893
2 2893 2892
3 2897 2896 2895
1 2896
2 2896 2895
3 2900 2899 2898
1 2900
2 2898 2900
2 2903 2901
2 2901 2903
2 2903 2902
2 2904 2906
2 2905 2904
2 2905 2906
2 2907 2909
2 2907 2908
1 2908
2 2911 2912
3 2912 2910 2911
2 2911 2910
1 2914
3 2913 2915 2914
2 2913 2914
1 2917
2 2916 2918
2 2918 2917
1 2919
1 2920
2 2920 2921
1 2922
1 2924
2 2922 2923
1 2925
2 2926 2927
1 2927
1 2928
3 2930 2928 2929
1 2929
2 2932 2931
2 2931 2933
1 2933
2 2935 2936
2 2934 2935
2 2936 2934
2 2938 2939
2 2939 2938
2 2938 2937
2 2940 2941
1 2941
1 2942
1 2944
1 2945
2 2943 2945
1 2947
1 2946
2 2948 2946
3 2949 2951 2950
2 2951 2950
1 2950
1 2954
1 2953
2 2953 2952
2 2955 2956
2 2957 2956
1 2956
1 2959
2 2958 2960
1 2958
1 2963
2 2963 2962
1 2961
1 2966
1 2965
2 2964 2966
1 2967
2 2968 2967
1 2969
2 2971 2970
2 2971 2972
1 2972
2 2975 2973
2 2973 2975
3 2973 2975 2974
3 2976 2978 2977
1 2978
2 2976 2978
2 2980 2981
1 2980
1 2979
1 2984
1 2982
2 2982 2983
1 2985
2 2985 2986
2 2986 2987
1 2989
3 2988 2990 2989
3 2988 2989 2990
3 2991 2993 2992
1 2993
2 2993 2992
2 2996 2995
1 2994
1 2995
1 2999
2 2997 2998
2 2999 2998
