5 123 0 610
1 6
1 8
3 8 5 6
2 7 5
1 9
1 12
1 10
2 14 12
2 12 11
1 13
2 19 17
2 16 15
3 15 18 19
2 19 17
2 16 15
2 21 22
2 20 22
2 20 21
2 23 24
1 23
1 25
1 26
3 26 29 27
2 27 28
3 26 28 25
1 31
2 32 30
1 34
2 30 31
1 33
2 38 39
1 39
2 37 35
1 37
4 39 36 37 38
2 43 40
2 43 40
2 41 43
1 42
3 41 43 44
2 45 46
1 47
3 46 49 47
1 48
1 49
1 50
1 53
3 54 52 51
2 51 54
1 54
1 56
3 57 56 58
2 57 55
1 57
1 59
1 63
2 62 64
1 60
2 61 62
1 61
1 66
1 69
1 68
1 65
3 65 66 67
1 73
1 71
1 74
1 70
2 72 73
2 77 75
1 78
1 77
1 76
1 79
3 84 80 82
2 83 84
2 81 82
1 83
2 82 80
2 89 87
2 85 89
1 85
2 86 85
2 86 88
2 92 94
2 90 91
1 91
2 92 94
2 93 92
3 98 97 95
2 95 97
2 98 96
1 99
1 98
1 100
1 104
1 102
1 101
1 103
1 105
3 107 109 108
2 106 109
1 109
2 105 107
1 113
1 110
2 114 111
1 112
1 114
1 118
3 117 116 118
3 115 118 117
2 119 115
1 116
3 123 120 121
2 122 124
2 123 124
1 122
3 124 122 120
2 129 125
1 127
2 126 129
2 125 129
2 128 127
2 130 134
3 131 133 134
1 131
1 133
1 132
1 136
2 136 135
2 136 139
1 137
2 138 136
1 140
2 143 141
2 141 144
1 141
2 142 140
2 145 149
1 148
2 146 149
1 149
2 149 147
2 150 151
1 154
2 153 150
1 151
2 153 152
2 159 155
1 157
3 155 157 159
3 157 156 158
3 156 155 159
2 164 160
1 160
1 161
3 160 162 163
2 163 164
1 165
1 168
2 169 167
2 166 169
1 167
2 173 170
1 173
2 174 171
1 171
2 170 172
2 179 178
1 177
1 176
1 179
1 175
2 181 182
2 182 184
1 180
1 183
1 181
3 185 186 188
1 187
1 189
1 186
2 187 188
1 193
1 190
2 191 193
3 192 194 191
3 194 191 192
2 195 196
2 198 195
2 198 197
2 199 196
1 197
1 203
1 202
1 201
2 204 203
1 200
1 207
1 205
2 206 209
1 206
2 208 209
2 212 210
1 214
2 210 213
3 211 212 213
1 211
1 216
1 218
1 219
1 217
1 215
1 220
2 224 223
2 221 223
1 222
1 223
1 226
1 225
2 229 227
2 227 225
2 227 228
2 231 230
1 233
1 232
2 234 230
1 234
2 236 237
1 238
1 235
2 239 237
2 236 239
3 243 242 244
1 244
1 240
2 244 241
1 243
2 245 246
1 249
1 247
2 248 249
2 246 248
1 250
1 254
1 253
3 252 251 250
1 252
3 258 257 256
3 259 258 257
2 255 256
1 256
3 259 257 255
2 263 264
1 260
3 262 260 261
1 264
2 260 262
1 267
1 266
1 268
1 269
1 265
2 273 272
2 272 274
1 271
3 274 270 273
1 270
1 278
2 279 277
2 275 277
2 276 278
1 279
2 282 280
1 284
1 280
3 283 284 281
2 282 281
3 287 288 286
2 289 285
3 285 287 289
2 288 285
2 288 285
1 290
1 291
2 293 292
1 294
1 292
1 298
1 297
3 296 299 295
1 295
1 296
1 302
3 301 300 303
1 304
3 303 301 300
3 303 302 304
1 309
1 305
1 306
2 309 308
2 307 305
1 312
2 313 314
2 312 314
1 310
2 314 311
3 317 315 319
1 317
1 319
1 318
2 315 316
3 320 321 324
2 324 320
1 321
3 323 320 324
4 323 322 324 320
4 329 325 328 327
2 327 328
1 326
1 325
1 328
1 330
1 331
1 333
1 332
2 334 330
2 339 336
2 337 338
1 337
1 335
2 337 336
1 340
1 341
1 343
2 343 342
1 344
2 348 349
2 345 347
1 348
1 345
2 349 346
1 351
1 354
1 350
2 353 352
2 352 353
2 355 358
1 355
1 359
2 356 355
1 357
2 361 362
2 362 361
1 360
2 364 360
1 363
1 365
2 368 367
2 365 366
1 367
3 369 366 368
2 373 374
2 370 374
3 374 370 373
2 371 370
3 372 374 370
1 379
2 376 378
2 379 378
1 377
1 375
1 381
2 382 380
1 384
1 380
1 383
2 385 386
1 388
3 389 388 387
2 385 389
4 387 389 385 386
1 390
3 392 394 393
2 394 390
1 392
2 391 392
1 399
2 398 397
1 397
1 396
1 395
1 404
1 403
2 404 402
2 402 400
1 401
1 406
1 408
3 408 409 405
2 405 409
2 408 407
3 411 414 412
2 410 412
1 410
3 412 414 413
3 414 413 410
2 417 415
1 416
1 418
2 415 419
2 415 417
2 421 422
1 422
1 420
1 424
1 423
2 426 429
2 426 428
1 425
1 427
2 428 427
1 434
1 430
1 431
1 432
3 430 433 432
1 439
1 436
3 437 436 438
1 435
1 437
1 440
2 442 443
1 442
1 441
1 444
1 449
1 446
1 448
1 447
2 445 448
2 453 454
1 452
3 450 454 453
1 450
1 451
1 456
1 459
1 455
1 457
2 459 458
3 460 463 464
2 463 464
2 461 460
2 460 464
1 462
1 466
2 466 468
1 467
2 465 469
2 465 467
1 472
1 474
1 470
2 473 471
4 470 472 471 474
2 479 475
2 477 479
2 477 478
1 477
1 476
1 481
2 482 480
2 484 482
1 483
2 480 484
2 489 487
1 485
2 486 485
1 488
2 486 487
2 491 494
1 492
1 491
2 493 491
1 490
2 495 498
2 496 498
1 499
2 497 496
2 497 495
2 501 503
2 500 504
2 504 500
2 500 502
2 503 504
1 508
1 505
1 507
2 509 505
2 507 506
1 513
1 511
1 510
2 514 512
1 512
3 518 516 515
2 519 515
2 518 517
4 518 516 515 519
3 515 517 516
2 520 521
1 524
2 523 522
2 521 520
1 522
1 525
2 529 527
1 528
2 528 529
2 526 525
4 530 534 532 533
4 533 530 532 531
2 533 530
1 532
1 534
1 538
1 539
1 535
1 536
3 539 536 537
3 544 543 540
2 542 544
1 543
2 541 544
1 544
2 547 546
1 548
1 547
2 549 547
2 545 549
2 551 552
2 550 554
2 554 550
1 553
1 552
2 555 557
1 558
3 555 556 557
2 559 557
3 559 557 555
1 562
1 564
2 561 562
2 563 562
1 560
2 568 567
1 565
2 566 568
1 569
2 565 566
1 571
1 572
2 573 571
1 570
1 574
1 575
1 576
1 577
1 579
2 578 579
2 584 583
2 583 584
2 580 581
1 582
2 583 580
2 587 589
1 588
1 585
2 585 587
2 587 586
1 591
1 594
1 592
1 593
1 590
2 597 598
3 596 598 599
2 599 598
1 595
1 596
1 601
2 600 602
3 604 602 600
1 602
2 603 604
1 609
3 607 606 608
2 606 609
1 605
4 609 608 606 605
1 612
1 614
2 611 610
2 613 612
2 610 611
