3 1000 1 2998
1 3
1 4
1 5
1 6
1 7
1 8
1 9
1 11
1 10
2 12 13
1 14
1 12
2 15 17
1 15
2 15 16
1 18
1 20
1 19
2 23 21
1 21
1 22
1 24
1 25
1 26
3 27 28 29
2 29 27
1 29
1 31
1 30
2 32 31
1 35
1 33
2 35 34
1 38
1 37
1 36
1 39
2 40 41
1 41
1 43
1 42
3 43 42 44
1 47
2 46 45
1 45
1 48
2 50 49
1 49
2 51 52
1 53
1 52
1 55
2 55 56
2 54 55
1 59
1 57
1 58
1 62
1 60
1 61
1 63
1 65
1 64
1 67
2 68 67
1 66
1 69
2 71 70
1 71
1 74
1 72
1 73
1 77
2 77 75
1 76
1 80
3 79 78 80
1 79
2 82 81
2 82 83
1 82
1 85
1 86
1 84
1 89
1 88
1 87
1 90
1 92
1 91
2 93 94
1 93
2 95 93
1 97
1 96
2 97 98
2 101 100
1 99
2 99 101
1 102
2 103 102
1 104
1 106
1 107
1 105
1 108
1 110
1 109
2 112 111
1 113
1 111
3 114 115 116
1 115
1 114
2 118 117
1 118
2 118 119
1 122
1 121
1 120
1 123
2 125 123
2 125 124
1 127
1 126
2 128 127
1 130
1 131
2 130 129
1 134
1 132
1 133
1 135
1 136
1 137
1 139
1 140
2 140 138
1 142
1 143
2 143 141
1 145
1 144
1 146
1 148
1 149
1 147
1 151
1 152
1 150
2 153 154
1 153
1 155
2 156 157
1 158
1 157
1 160
1 159
1 161
1 164
1 163
1 162
1 167
1 165
1 166
2 169 170
1 170
1 168
1 173
1 171
2 172 173
1 174
1 175
1 176
1 177
1 179
1 178
1 181
2 182 181
1 180
1 183
1 185
1 184
3 186 188 187
1 187
1 188
1 190
1 189
1 191
2 192 193
1 194
1 192
1 195
1 196
1 197
2 199 198
1 199
1 200
1 201
1 203
1 202
1 204
2 205 204
1 206
2 208 207
2 207 209
1 209
1 211
1 210
2 210 212
1 213
1 215
1 214
1 217
1 216
1 218
1 221
1 219
1 220
1 224
1 222
1 223
1 227
2 226 225
2 225 226
2 228 229
1 228
1 230
1 233
1 231
1 232
1 236
1 235
3 234 236 235
1 237
1 239
2 238 239
1 241
1 242
1 240
1 245
2 245 243
2 244 245
1 247
1 248
2 246 248
1 251
1 249
1 250
1 254
1 253
1 252
2 255 257
1 255
1 256
1 258
2 260 259
1 259
1 263
2 263 261
2 262 263
1 265
2 264 265
1 266
2 267 268
1 267
1 269
1 272
2 272 271
2 272 270
1 273
1 275
1 274
1 277
1 278
1 276
1 279
1 281
1 280
1 282
1 283
2 284 282
2 285 286
2 287 285
1 287
1 290
1 289
2 288 289
1 292
2 293 291
1 291
2 294 295
1 295
1 296
1 299
1 297
3 298 299 297
1 300
1 302
1 301
1 303
1 304
1 305
1 307
1 306
2 308 306
1 310
1 311
2 309 311
1 314
2 313 312
1 312
2 316 315
1 317
1 315
1 320
1 319
1 318
1 323
1 321
2 322 321
1 324
1 325
1 326
1 327
3 328 329 327
2 328 329
2 330 331
2 332 331
2 331 332
1 335
1 333
1 334
1 336
1 338
1 337
1 341
1 339
2 339 340
1 342
1 343
1 344
1 346
1 347
1 345
1 350
1 348
1 349
2 352 353
2 353 352
1 351
1 354
2 354 355
1 356
1 359
1 358
1 357
2 361 360
1 361
2 362 360
3 365 364 363
2 364 363
1 365
2 368 367
2 367 366
1 366
2 370 369
1 370
2 371 370
1 373
1 372
1 374
1 377
1 375
2 376 375
1 378
1 379
1 380
1 383
1 381
1 382
1 384
1 385
1 386
1 389
2 388 387
1 388
2 392 390
1 390
1 391
1 393
1 395
1 394
1 397
1 398
1 396
1 401
1 400
1 399
1 404
2 402 403
1 402
3 406 407 405
1 405
1 407
1 410
1 408
3 408 409 410
1 411
2 412 413
1 412
1 415
1 414
2 414 416
2 417 418
1 419
1 418
1 421
2 421 420
1 422
2 423 424
1 423
1 425
1 427
2 428 426
1 426
1 430
2 431 429
2 430 431
1 433
1 432
1 434
1 437
1 436
2 435 436
1 440
1 438
2 438 439
1 443
1 441
1 442
1 446
1 444
1 445
1 449
2 449 447
1 448
1 450
1 452
2 452 451
1 455
1 454
1 453
1 457
1 456
1 458
1 460
1 461
3 461 459 460
1 464
1 463
1 462
2 465 467
2 467 465
2 467 466
1 469
2 468 469
2 468 470
2 473 472
3 473 471 472
2 473 472
1 474
1 476
1 475
1 479
1 477
1 478
1 482
1 480
1 481
1 483
2 483 484
2 484 485
2 486 488
1 487
1 488
1 491
2 491 490
2 489 491
1 494
2 493 494
1 492
1 497
1 496
1 495
1 500
1 499
1 498
1 501
1 502
1 503
2 506 504
1 505
2 504 505
1 509
1 507
1 508
1 511
1 512
1 510
1 514
2 514 513
2 515 514
1 516
2 518 516
2 518 517
1 521
1 520
1 519
1 523
2 524 522
1 524
2 525 527
1 526
1 527
1 528
1 529
2 528 530
1 531
2 533 532
2 533 532
1 535
2 535 536
1 534
2 539 537
1 538
2 537 539
2 540 542
1 541
1 540
1 543
1 545
2 543 544
1 547
1 546
1 548
1 550
1 549
1 551
2 554 552
2 554 553
2 552 553
1 557
3 557 556 555
3 556 557 555
1 560
1 559
2 560 558
1 561
1 562
2 563 562
1 565
2 564 565
1 566
1 567
2 567 568
2 569 567
1 572
1 570
2 572 571
1 575
1 574
1 573
1 577
2 578 577
1 576
1 579
2 579 581
1 580
1 583
1 582
1 584
2 587 586
1 587
1 585
2 588 589
1 590
3 589 590 588
1 593
2 593 591
1 592
1 595
1 596
1 594
1 598
2 597 598
1 599
1 601
2 600 602
1 602
2 604 603
1 603
2 603 605
2 608 606
1 607
2 608 606
2 610 611
2 609 610
1 611
1 613
1 614
1 612
1 616
1 617
1 615
1 620
2 618 620
2 620 619
1 622
1 623
1 621
1 624
1 625
1 626
1 627
1 629
1 628
2 630 631
2 630 632
1 630
1 633
1 635
1 634
1 637
1 638
1 636
2 641 640
1 639
2 640 639
1 642
3 642 643 644
3 644 643 642
1 645
1 647
1 646
1 648
1 650
1 649
2 651 652
1 653
1 652
1 654
1 655
1 656
2 657 659
2 657 658
2 658 659
2 661 660
1 661
1 662
1 665
1 664
1 663
2 667 666
1 668
2 668 667
1 670
1 669
2 671 670
1 673
1 672
1 674
1 676
2 677 676
1 675
1 678
2 679 680
1 680
2 681 682
2 683 682
1 682
1 686
1 684
1 685
3 688 689 687
1 688
1 687
1 691
1 690
1 692
2 694 693
2 695 694
1 694
1 698
1 697
2 696 697
1 701
1 700
2 699 701
1 704
1 703
1 702
1 707
3 706 707 705
1 706
1 710
1 708
1 709
2 712 711
2 713 712
1 711
1 715
2 715 714
1 716
1 717
1 718
1 719
1 722
2 720 721
2 720 721
1 723
2 725 724
1 725
1 728
2 728 727
1 726
2 729 731
1 731
1 730
1 733
1 734
2 732 734
1 736
2 736 737
2 737 735
2 738 739
2 739 740
2 740 738
1 741
1 743
1 742
3 745 744 746
1 745
2 745 744
2 747 748
1 747
2 749 747
1 752
1 750
2 750 751
1 755
1 753
1 754
1 757
1 758
2 757 756
1 761
1 760
1 759
2 764 763
1 762
1 763
1 766
1 767
2 765 767
1 768
2 770 769
1 769
2 772 771
1 772
2 773 772
1 776
1 775
1 774
1 778
3 779 778 777
2 779 777
3 782 780 781
1 780
1 781
1 784
1 785
2 783 784
2 788 786
2 786 787
1 786
1 791
1 789
1 790
1 793
2 794 792
1 794
1 797
1 796
2 796 795
2 800 799
1 798
1 799
2 802 801
2 801 802
1 803
1 806
2 806 805
1 804
1 807
1 808
2 809 807
1 812
1 810
1 811
1 814
1 815
2 813 814
1 817
1 818
1 816
1 819
1 821
2 821 820
1 822
2 823 824
1 824
1 825
1 827
2 825 826
1 830
1 828
1 829
1 833
1 831
2 832 833
3 836 835 834
2 835 834
1 834
1 837
1 838
2 839 837
1 840
2 842 841
2 842 841
2 845 844
1 845
1 843
1 846
2 848 847
2 846 847
2 850 849
2 850 851
1 851
2 852 853
1 853
2 854 853
2 856 855
1 856
2 855 857
1 859
1 858
1 860
2 861 862
2 861 863
2 863 862
2 864 865
2 866 864
2 865 866
2 868 867
2 869 868
2 869 867
1 871
1 870
1 872
1 874
1 873
1 875
1 878
2 877 876
2 877 876
2 880 879
1 881
1 880
2 883 882
2 884 883
2 884 883
1 886
1 885
2 886 887
3 889 888 890
2 890 889
1 888
1 891
1 892
2 892 893
1 894
2 896 894
1 895
1 898
2 899 897
2 899 898
1 901
1 900
1 902
2 903 904
1 905
1 903
2 908 907
1 907
2 906 908
1 910
1 911
2 910 909
1 912
1 914
2 912 913
1 915
1 917
2 916 915
1 918
1 919
2 920 919
1 921
1 923
1 922
2 925 926
2 925 924
1 925
2 928 927
2 929 928
2 927 929
1 932
2 932 930
1 931
1 935
1 934
2 933 934
1 936
2 938 937
2 938 936
2 941 940
1 939
1 941
1 943
2 942 944
2 942 944
1 947
1 946
1 945
1 948
1 950
1 949
1 953
1 952
1 951
1 954
1 955
2 956 954
1 957
1 958
1 959
1 962
1 960
2 960 961
1 964
2 964 965
1 963
1 968
1 967
1 966
1 971
1 969
1 970
1 974
1 973
1 972
1 977
1 975
1 976
1 979
1 980
3 980 978 979
1 983
1 981
2 981 982
2 985 984
1 986
1 984
2 988 987
1 988
1 989
1 992
2 990 992
1 991
1 994
2 994 995
1 993
1 997
1 996
1 998
1 999
1 1001
1 1000
1 1004
2 1002 1003
1 1002
2 1007 1005
1 1005
1 1006
1 1008
1 1010
1 1009
1 1013
1 1012
2 1011 1012
1 1015
1 1016
1 1014
1 1018
2 1019 1017
1 1019
1 1020
2 1020 1021
1 1022
1 1025
1 1023
1 1024
2 1026 1027
2 1026 1028
2 1026 1027
1 1029
1 1031
2 1031 1030
1 1034
1 1033
3 1032 1034 1033
1 1037
1 1035
1 1036
2 1040 1038
2 1038 1040
1 1039
1 1043
1 1041
1 1042
1 1046
1 1044
1 1045
1 1049
2 1047 1048
1 1048
1 1052
1 1051
1 1050
1 1055
1 1054
2 1054 1053
1 1058
2 1058 1056
2 1056 1057
3 1060 1061 1059
1 1059
2 1060 1061
1 1064
1 1063
2 1063 1062
1 1065
1 1067
1 1066
2 1070 1069
1 1068
1 1069
2 1073 1071
2 1071 1072
2 1073 1071
2 1074 1075
1 1076
2 1074 1075
1 1078
1 1077
1 1079
1 1080
1 1081
1 1082
1 1085
1 1083
2 1083 1084
1 1088
1 1087
2 1088 1086
1 1090
2 1089 1091
1 1089
1 1093
1 1092
1 1094
2 1097 1096
1 1096
2 1095 1097
1 1098
1 1100
1 1099
1 1103
1 1101
2 1101 1102
2 1104 1105
1 1106
1 1105
1 1107
1 1109
1 1108
1 1110
1 1112
3 1110 1111 1112
1 1114
2 1115 1113
1 1115
2 1118 1116
1 1117
2 1116 1118
2 1119 1120
1 1120
2 1120 1121
1 1124
1 1123
1 1122
2 1127 1126
1 1125
1 1127
1 1129
1 1130
2 1128 1130
2 1133 1132
1 1131
1 1133
1 1134
1 1135
1 1136
2 1137 1139
1 1137
2 1138 1137
1 1140
1 1142
3 1141 1142 1140
3 1144 1143 1145
2 1144 1145
1 1145
1 1148
1 1147
1 1146
1 1149
1 1151
3 1151 1150 1149
2 1152 1153
1 1154
1 1152
1 1155
2 1157 1156
1 1157
1 1159
1 1160
1 1158
1 1161
1 1162
1 1163
2 1164 1165
2 1165 1166
2 1165 1166
1 1168
1 1169
1 1167
1 1172
1 1171
1 1170
1 1174
2 1173 1175
1 1175
1 1176
2 1177 1178
1 1178
2 1180 1181
2 1181 1179
1 1181
1 1182
2 1184 1182
1 1183
1 1187
2 1185 1186
1 1185
1 1190
2 1188 1189
1 1188
1 1192
2 1192 1193
1 1191
2 1195 1194
1 1196
1 1195
1 1198
1 1199
1 1197
3 1201 1200 1202
2 1200 1202
1 1200
1 1204
2 1203 1204
1 1205
1 1208
1 1206
1 1207
2 1211 1209
1 1209
1 1210
1 1212
1 1214
1 1213
1 1217
1 1215
1 1216
2 1219 1220
1 1220
2 1218 1220
1 1222
2 1221 1223
1 1221
1 1226
1 1225
2 1224 1225
2 1228 1227
1 1229
2 1228 1227
3 1232 1231 1230
2 1231 1230
1 1232
1 1234
1 1235
1 1233
2 1236 1237
2 1238 1236
1 1237
2 1241 1239
1 1240
1 1239
1 1244
1 1242
1 1243
1 1247
1 1246
1 1245
1 1250
2 1248 1249
2 1250 1249
1 1253
2 1251 1252
1 1251
2 1254 1255
1 1254
1 1256
2 1259 1257
1 1258
1 1257
1 1260
1 1262
1 1261
2 1263 1265
2 1264 1265
1 1263
1 1266
1 1268
2 1268 1267
1 1270
1 1269
2 1271 1270
1 1272
2 1272 1274
1 1273
2 1276 1275
1 1277
1 1276
2 1278 1280
1 1280
1 1279
1 1283
1 1281
1 1282
1 1285
1 1286
1 1284
2 1288 1287
1 1289
1 1287
1 1292
1 1291
2 1292 1290
1 1295
2 1294 1293
1 1293
1 1297
1 1296
1 1298
2 1299 1300
3 1301 1300 1299
2 1299 1301
2 1303 1302
2 1302 1303
2 1303 1304
1 1307
1 1306
2 1305 1307
1 1308
1 1310
2 1308 1309
2 1312 1313
1 1313
2 1312 1311
2 1315 1314
3 1315 1316 1314
1 1315
1 1317
1 1318
1 1319
2 1321 1320
2 1321 1322
2 1322 1320
1 1323
1 1325
1 1324
2 1326 1328
2 1326 1328
1 1327
1 1330
2 1331 1330
1 1329
1 1333
2 1333 1332
1 1334
1 1337
1 1336
1 1335
2 1339 1340
1 1338
1 1339
3 1342 1341 1343
1 1342
1 1343
1 1345
1 1346
1 1344
2 1347 1348
1 1349
1 1347
1 1351
1 1352
1 1350
1 1355
1 1353
2 1354 1353
1 1356
2 1357 1358
2 1358 1357
1 1360
1 1359
1 1361
1 1364
2 1362 1363
1 1363
2 1367 1366
2 1365 1366
3 1366 1365 1367
1 1368
1 1369
2 1370 1369
1 1372
1 1371
2 1373 1372
2 1375 1376
1 1376
1 1374
1 1378
1 1377
1 1379
1 1382
1 1381
1 1380
1 1383
2 1384 1385
2 1383 1384
2 1388 1386
1 1388
2 1387 1386
2 1390 1389
1 1389
2 1391 1390
1 1392
2 1394 1392
1 1393
2 1397 1395
1 1396
1 1397
1 1398
1 1400
1 1399
1 1401
2 1403 1402
1 1403
1 1404
1 1406
1 1405
1 1408
2 1409 1407
1 1409
2 1412 1410
1 1411
2 1411 1412
1 1414
1 1413
1 1415
1 1418
1 1416
1 1417
2 1421 1420
1 1419
2 1421 1420
2 1423 1424
2 1422 1423
1 1422
1 1426
1 1427
1 1425
1 1430
1 1429
1 1428
1 1432
2 1432 1433
1 1431
2 1435 1436
1 1434
2 1435 1436
1 1438
1 1437
1 1439
1 1441
1 1442
1 1440
2 1443 1445
1 1443
1 1444
2 1448 1446
2 1446 1448
2 1446 1447
1 1449
1 1451
1 1450
2 1453 1452
1 1453
1 1454
1 1456
2 1457 1455
1 1455
1 1458
1 1460
1 1459
1 1461
2 1462 1463
1 1463
1 1465
2 1464 1465
3 1464 1466 1465
1 1467
1 1469
2 1468 1467
1 1471
1 1470
2 1472 1471
1 1474
1 1473
2 1475 1474
1 1476
1 1477
1 1478
1 1479
1 1481
2 1481 1480
2 1484 1482
1 1484
1 1483
1 1487
1 1486
1 1485
1 1488
1 1490
1 1489
1 1491
2 1492 1491
2 1493 1491
1 1496
2 1496 1495
1 1494
2 1499 1498
1 1497
1 1499
1 1500
1 1501
3 1500 1501 1502
1 1504
1 1503
1 1505
1 1506
1 1508
1 1507
1 1511
2 1510 1511
2 1511 1509
1 1512
1 1514
1 1513
1 1516
2 1515 1517
1 1515
2 1520 1519
2 1520 1518
1 1520
1 1523
2 1522 1521
1 1521
1 1524
1 1525
1 1526
1 1529
1 1528
2 1528 1527
1 1530
2 1531 1530
1 1532
1 1534
1 1533
2 1533 1535
1 1537
1 1536
3 1538 1536 1537
1 1541
2 1539 1540
1 1539
2 1544 1543
2 1542 1544
2 1543 1544
2 1547 1546
1 1545
2 1546 1545
1 1548
1 1550
1 1549
1 1551
2 1553 1552
2 1553 1551
2 1555 1554
1 1554
1 1556
1 1557
2 1558 1559
1 1558
1 1560
1 1562
1 1561
1 1563
1 1565
2 1565 1564
1 1566
1 1567
1 1568
1 1570
1 1569
1 1571
2 1573 1572
1 1574
2 1574 1572
1 1576
2 1575 1577
1 1575
1 1580
1 1578
1 1579
1 1581
1 1583
1 1582
1 1584
1 1585
1 1586
1 1587
1 1588
1 1589
1 1590
1 1592
1 1591
1 1595
1 1593
1 1594
1 1598
2 1597 1596
1 1597
1 1601
1 1600
1 1599
1 1602
1 1604
3 1604 1603 1602
1 1606
2 1606 1607
1 1605
1 1608
1 1609
2 1609 1610
2 1611 1613
1 1612
1 1613
2 1614 1616
2 1615 1614
2 1616 1614
1 1619
1 1617
2 1619 1618
2 1622 1621
2 1621 1620
1 1620
1 1623
1 1624
1 1625
1 1628
1 1627
1 1626
1 1629
2 1631 1630
1 1630
1 1633
1 1632
1 1634
1 1635
1 1636
1 1637
3 1639 1640 1638
1 1640
1 1638
1 1642
1 1643
1 1641
2 1644 1646
1 1645
1 1646
2 1647 1649
1 1648
1 1649
1 1650
1 1652
1 1651
1 1653
1 1654
2 1655 1654
1 1657
2 1658 1657
1 1656
2 1660 1661
1 1661
2 1659 1660
2 1663 1664
1 1663
1 1662
2 1665 1667
1 1665
1 1666
1 1669
1 1670
2 1669 1668
1 1673
1 1671
1 1672
1 1675
1 1674
2 1674 1676
1 1678
1 1679
1 1677
1 1680
1 1682
1 1681
1 1683
2 1685 1684
2 1684 1685
1 1688
1 1686
1 1687
1 1689
2 1689 1690
2 1689 1691
1 1693
2 1692 1694
2 1694 1693
2 1697 1696
1 1695
2 1697 1696
1 1699
2 1699 1698
1 1700
2 1703 1701
1 1702
1 1703
1 1704
1 1706
1 1705
2 1707 1708
1 1709
1 1708
1 1712
1 1710
1 1711
1 1714
2 1713 1715
2 1715 1713
1 1718
1 1717
1 1716
2 1720 1719
2 1721 1719
2 1720 1719
2 1724 1723
1 1723
2 1722 1724
1 1727
1 1725
1 1726
1 1729
1 1728
2 1730 1729
2 1733 1731
2 1733 1732
2 1732 1733
1 1734
1 1736
1 1735
2 1739 1737
1 1738
1 1737
1 1742
2 1742 1740
1 1741
1 1744
1 1743
1 1745
1 1746
1 1748
1 1747
2 1750 1749
2 1751 1749
1 1749
1 1754
1 1753
2 1753 1752
1 1756
2 1757 1755
2 1757 1755
1 1758
2 1759 1760
1 1760
1 1762
1 1763
1 1761
1 1764
1 1766
1 1765
2 1768 1767
1 1769
1 1768
1 1770
1 1771
2 1772 1770
1 1774
1 1773
2 1774 1775
1 1778
1 1777
3 1778 1777 1776
1 1779
1 1780
1 1781
1 1784
2 1783 1782
1 1782
2 1787 1785
2 1787 1785
2 1785 1786
1 1789
1 1788
1 1790
1 1791
1 1792
1 1793
2 1796 1794
1 1794
2 1795 1796
2 1798 1797
2 1797 1798
1 1799
3 1801 1802 1800
1 1800
1 1801
2 1803 1805
1 1805
1 1804
1 1807
1 1806
1 1808
1 1809
2 1811 1810
1 1811
1 1814
1 1813
1 1812
1 1815
1 1816
1 1817
3 1819 1820 1818
1 1819
1 1818
2 1821 1822
1 1822
2 1823 1822
1 1825
1 1826
1 1824
1 1827
2 1829 1827
2 1828 1829
2 1831 1830
2 1831 1830
1 1832
1 1833
1 1835
1 1834
1 1838
2 1837 1836
1 1836
1 1839
1 1840
1 1841
1 1843
1 1842
1 1844
1 1846
2 1847 1845
2 1847 1845
1 1848
2 1848 1850
2 1849 1848
1 1851
1 1853
2 1853 1852
1 1854
1 1856
2 1855 1856
2 1859 1858
1 1857
1 1859
1 1861
1 1860
1 1862
1 1863
1 1864
1 1865
1 1866
1 1868
1 1867
1 1870
1 1871
1 1869
1 1873
1 1872
2 1873 1874
1 1876
1 1875
1 1877
1 1878
1 1879
1 1880
2 1882 1881
3 1883 1881 1882
1 1881
2 1886 1884
1 1886
1 1885
1 1887
1 1889
1 1888
2 1890 1892
1 1892
1 1891
1 1894
2 1893 1894
2 1894 1895
2 1897 1896
1 1898
1 1896
1 1900
1 1899
1 1901
2 1902 1903
1 1902
1 1904
1 1907
2 1905 1906
1 1906
1 1910
1 1908
2 1908 1909
1 1912
1 1911
1 1913
1 1914
1 1915
2 1915 1916
2 1918 1919
2 1917 1919
1 1919
1 1921
1 1920
1 1922
1 1923
1 1925
1 1924
1 1927
1 1928
1 1926
2 1929 1930
2 1930 1929
1 1931
2 1933 1932
1 1934
1 1933
1 1936
2 1935 1937
2 1937 1935
2 1940 1938
1 1938
2 1939 1938
1 1942
2 1943 1941
1 1941
2 1944 1945
1 1946
1 1945
1 1947
1 1948
1 1949
2 1951 1950
1 1952
1 1950
2 1955 1953
2 1955 1954
2 1954 1953
1 1956
2 1958 1957
1 1957
1 1961
1 1959
1 1960
2 1962 1963
1 1964
1 1963
1 1966
1 1965
1 1967
1 1969
1 1968
1 1970
1 1973
1 1972
2 1972 1971
2 1974 1976
2 1975 1976
1 1975
1 1977
1 1979
1 1978
2 1982 1981
1 1981
2 1980 1981
2 1985 1984
2 1985 1984
1 1983
1 1987
2 1987 1988
1 1986
1 1991
2 1990 1989
1 1990
1 1994
2 1992 1993
2 1994 1993
2 1995 1996
1 1997
2 1996 1997
1 1998
2 1999 2000
1 1999
3 2002 2003 2001
1 2002
1 2003
1 2004
2 2006 2005
1 2006
2 2009 2007
2 2009 2008
2 2009 2008
1 2011
1 2012
1 2010
2 2013 2014
1 2014
1 2015
1 2018
1 2016
1 2017
1 2020
1 2019
1 2021
2 2022 2024
1 2023
1 2022
1 2026
2 2027 2025
1 2027
1 2028
2 2030 2028
1 2029
2 2032 2033
1 2031
2 2033 2032
1 2034
1 2036
1 2035
1 2038
1 2037
1 2039
1 2041
1 2042
2 2040 2042
1 2044
2 2045 2043
1 2045
1 2048
1 2047
2 2047 2046
3 2051 2049 2050
1 2049
2 2051 2050
2 2054 2052
1 2053
1 2054
1 2057
2 2057 2055
1 2056
2 2059 2058
1 2060
1 2058
1 2063
1 2062
1 2061
1 2066
2 2066 2065
2 2066 2064
1 2068
1 2067
1 2069
1 2071
1 2070
2 2072 2071
1 2074
1 2075
1 2073
1 2078
1 2077
1 2076
1 2079
1 2080
1 2081
2 2082 2084
1 2084
2 2082 2083
1 2086
1 2087
1 2085
1 2090
1 2088
1 2089
2 2093 2091
1 2093
1 2092
1 2095
2 2094 2096
2 2094 2096
1 2097
2 2099 2097
2 2099 2098
1 2101
1 2102
2 2100 2101
1 2105
2 2103 2104
1 2104
1 2108
2 2106 2107
1 2107
2 2111 2110
1 2109
1 2110
1 2114
2 2113 2112
1 2112
1 2115
2 2116 2117
1 2117
1 2118
2 2118 2120
1 2119
1 2121
1 2123
2 2123 2122
1 2126
2 2124 2125
1 2124
1 2127
2 2127 2128
1 2129
3 2130 2131 2132
1 2131
1 2132
1 2133
1 2135
2 2133 2134
2 2136 2137
1 2137
1 2138
1 2140
2 2139 2141
1 2139
1 2143
2 2144 2143
1 2142
1 2147
2 2147 2146
1 2145
2 2149 2150
1 2149
1 2148
1 2153
1 2151
1 2152
2 2154 2155
2 2156 2154
1 2155
1 2158
1 2159
1 2157
2 2160 2162
2 2161 2160
1 2162
2 2165 2164
2 2163 2164
1 2164
2 2167 2168
1 2167
1 2166
1 2171
1 2170
1 2169
1 2173
2 2172 2174
1 2174
1 2175
1 2176
2 2176 2177
2 2179 2180
2 2179 2178
1 2179
2 2182 2181
1 2182
1 2183
2 2184 2186
1 2185
2 2186 2185
1 2189
2 2189 2188
1 2187
1 2191
1 2192
1 2190
3 2195 2194 2193
1 2195
2 2193 2194
1 2196
3 2198 2196 2197
1 2197
1 2199
1 2201
1 2200
1 2204
1 2203
1 2202
2 2206 2207
1 2205
1 2206
1 2208
1 2209
1 2210
1 2212
1 2211
1 2213
2 2216 2215
1 2214
1 2216
1 2218
2 2217 2218
2 2219 2217
2 2221 2222
1 2221
1 2220
2 2224 2225
2 2225 2223
1 2225
2 2226 2228
2 2227 2228
2 2227 2226
1 2231
1 2229
2 2231 2230
2 2234 2232
1 2233
2 2234 2232
1 2235
1 2237
1 2236
3 2240 2238 2239
1 2239
1 2238
1 2241
2 2243 2242
1 2242
1 2246
2 2245 2246
1 2244
1 2249
1 2248
2 2247 2248
1 2251
1 2250
2 2250 2252
1 2255
3 2254 2253 2255
1 2253
1 2257
1 2258
2 2256 2258
1 2260
2 2259 2261
1 2261
1 2262
1 2263
3 2264 2263 2262
1 2265
2 2267 2265
1 2266
1 2270
1 2268
1 2269
1 2272
1 2273
1 2271
2 2276 2274
2 2276 2274
1 2275
1 2277
1 2278
2 2279 2277
1 2282
2 2281 2280
1 2280
1 2285
1 2284
1 2283
1 2288
1 2287
1 2286
1 2291
1 2289
1 2290
3 2294 2292 2293
1 2294
1 2293
1 2297
1 2296
1 2295
2 2299 2298
2 2298 2300
2 2300 2298
1 2303
2 2303 2302
1 2301
2 2305 2304
1 2306
2 2306 2305
1 2308
2 2307 2309
1 2307
1 2311
1 2310
1 2312
1 2313
1 2314
1 2315
1 2318
1 2317
1 2316
1 2321
1 2319
1 2320
2 2322 2323
1 2324
1 2322
1 2325
1 2327
1 2326
2 2330 2328
2 2328 2330
1 2329
2 2332 2333
3 2332 2331 2333
1 2331
1 2335
1 2336
1 2334
1 2339
1 2338
2 2337 2339
1 2342
1 2340
1 2341
1 2344
1 2343
1 2345
1 2348
1 2346
2 2347 2346
2 2350 2351
2 2351 2350
1 2349
2 2354 2353
2 2353 2354
2 2352 2353
1 2357
2 2355 2356
1 2356
1 2358
1 2360
1 2359
1 2361
1 2363
2 2362 2363
2 2365 2364
1 2364
1 2366
1 2367
1 2369
1 2368
1 2372
1 2371
2 2372 2370
2 2375 2374
1 2374
1 2373
2 2378 2376
1 2376
2 2377 2376
1 2379
2 2380 2381
1 2380
2 2382 2383
1 2384
3 2383 2382 2384
1 2386
3 2387 2386 2385
1 2387
1 2388
1 2390
1 2389
2 2392 2393
1 2393
1 2391
1 2395
1 2394
2 2394 2396
1 2399
1 2397
1 2398
2 2401 2402
1 2401
1 2400
1 2405
1 2403
1 2404
1 2406
2 2407 2408
2 2407 2408
2 2410 2411
2 2411 2409
2 2410 2409
1 2412
1 2414
1 2413
1 2416
2 2415 2417
1 2415
2 2418 2419
1 2419
1 2420
1 2421
2 2422 2421
1 2423
2 2425 2426
2 2424 2426
2 2425 2424
2 2427 2429
3 2428 2429 2427
1 2428
1 2430
2 2430 2431
1 2432
2 2435 2433
2 2435 2433
1 2434
1 2437
1 2436
2 2438 2436
2 2440 2439
1 2440
1 2441
1 2442
1 2443
1 2444
1 2445
1 2446
2 2446 2447
1 2448
1 2449
2 2450 2449
1 2453
1 2452
1 2451
1 2454
1 2456
1 2455
1 2458
1 2457
2 2457 2459
1 2462
1 2461
2 2462 2460
1 2464
1 2465
1 2463
1 2468
1 2466
1 2467
1 2469
1 2470
1 2471
1 2474
1 2472
1 2473
1 2477
1 2475
1 2476
1 2478
2 2479 2478
2 2478 2480
1 2482
1 2483
1 2481
2 2484 2486
1 2484
2 2484 2485
3 2488 2487 2489
1 2489
1 2487
1 2492
1 2490
1 2491
2 2493 2495
2 2495 2494
1 2495
1 2498
2 2496 2498
1 2497
1 2501
1 2500
2 2499 2501
1 2504
3 2503 2504 2502
1 2502
1 2505
3 2506 2507 2505
1 2507
1 2509
1 2508
2 2509 2510
2 2513 2511
2 2511 2512
1 2512
2 2515 2516
2 2515 2516
1 2514
1 2517
1 2519
1 2518
2 2521 2520
2 2522 2521
1 2522
2 2524 2523
2 2525 2523
2 2523 2524
2 2526 2527
1 2526
1 2528
1 2531
1 2530
1 2529
2 2534 2532
1 2534
3 2534 2533 2532
1 2536
1 2535
2 2536 2537
2 2539 2540
1 2540
2 2539 2538
2 2541 2543
1 2542
2 2541 2542
2 2545 2544
1 2544
1 2546
2 2547 2549
1 2548
1 2547
2 2551 2550
1 2552
1 2550
1 2555
3 2553 2554 2555
1 2554
1 2556
1 2557
1 2558
1 2560
1 2561
1 2559
1 2563
1 2562
1 2564
1 2566
2 2567 2565
2 2565 2567
2 2570 2568
2 2570 2569
2 2570 2569
1 2571
2 2571 2573
1 2572
1 2576
1 2574
1 2575
2 2577 2578
1 2578
1 2579
1 2582
1 2580
1 2581
2 2583 2585
1 2584
2 2585 2583
1 2586
2 2586 2587
2 2588 2586
1 2590
1 2591
2 2590 2589
1 2594
1 2593
1 2592
2 2596 2597
1 2595
1 2596
2 2599 2598
1 2598
1 2600
1 2601
1 2602
1 2603
1 2605
1 2606
1 2604
1 2608
1 2607
1 2609
2 2610 2612
2 2612 2611
2 2610 2612
2 2615 2614
1 2615
1 2613
1 2618
1 2617
1 2616
2 2619 2620
3 2619 2621 2620
1 2620
2 2623 2622
2 2622 2624
1 2622
2 2626 2625
1 2627
2 2625 2626
1 2630
2 2629 2628
2 2628 2630
1 2632
1 2633
2 2633 2631
1 2634
2 2635 2636
1 2635
1 2637
1 2638
2 2639 2637
1 2640
1 2641
1 2642
2 2645 2643
1 2644
2 2643 2644
3 2646 2647 2648
1 2646
1 2647
1 2649
1 2650
2 2650 2651
1 2653
1 2652
1 2654
1 2656
1 2657
2 2656 2655
1 2659
1 2658
1 2660
2 2662 2661
2 2662 2663
1 2661
1 2665
3 2666 2664 2665
1 2666
2 2668 2667
2 2669 2668
1 2667
1 2671
1 2670
1 2672
2 2675 2674
1 2673
1 2674
1 2676
1 2678
1 2677
1 2679
1 2680
1 2681
1 2684
2 2682 2683
1 2683
1 2685
1 2687
1 2686
1 2689
1 2688
1 2690
2 2693 2692
1 2692
1 2691
1 2696
1 2695
1 2694
1 2698
1 2697
1 2699
1 2702
1 2700
3 2700 2702 2701
1 2703
1 2705
2 2703 2704
1 2708
1 2707
1 2706
2 2711 2710
1 2711
2 2711 2709
1 2713
1 2714
1 2712
1 2717
1 2716
2 2715 2716
1 2719
1 2718
1 2720
1 2722
2 2723 2721
2 2722 2723
1 2725
2 2726 2724
1 2726
2 2729 2727
2 2727 2729
1 2728
1 2730
1 2732
2 2730 2731
1 2733
1 2734
1 2735
1 2737
1 2736
1 2738
1 2741
1 2739
1 2740
1 2743
1 2742
1 2744
1 2747
2 2746 2745
3 2745 2747 2746
1 2748
2 2750 2748
2 2750 2749
1 2753
1 2751
1 2752
1 2754
1 2756
2 2755 2754
2 2757 2759
1 2758
1 2759
1 2761
1 2762
2 2761 2760
2 2765 2763
2 2765 2763
1 2764
1 2768
1 2767
1 2766
1 2769
1 2771
1 2770
1 2773
2 2774 2773
1 2772
2 2775 2776
2 2776 2775
2 2776 2777
1 2780
1 2779
1 2778
1 2782
1 2781
3 2781 2782 2783
2 2786 2784
1 2786
2 2785 2784
2 2789 2788
2 2789 2787
1 2789
1 2790
1 2791
1 2792
1 2794
1 2795
1 2793
1 2796
1 2798
1 2797
1 2799
1 2801
1 2800
1 2804
1 2802
1 2803
2 2806 2805
1 2807
1 2805
3 2809 2808 2810
1 2809
1 2810
2 2812 2811
1 2811
2 2813 2812
1 2814
2 2815 2816
1 2816
1 2819
1 2818
2 2818 2817
1 2822
1 2820
2 2821 2822
2 2825 2823
1 2824
1 2823
2 2828 2826
3 2828 2827 2826
1 2826
3 2829 2831 2830
2 2829 2830
1 2830
1 2834
2 2833 2832
2 2833 2832
2 2835 2837
1 2836
1 2835
1 2838
1 2839
2 2839 2840
2 2842 2843
1 2843
3 2843 2842 2841
1 2846
2 2844 2846
1 2845
1 2847
2 2848 2849
1 2849
1 2850
1 2851
2 2852 2850
1 2855
1 2854
1 2853
1 2857
1 2856
2 2858 2856
2 2861 2860
1 2860
1 2859
1 2864
2 2862 2863
1 2862
1 2865
1 2866
2 2866 2867
1 2870
1 2868
1 2869
1 2872
2 2872 2873
1 2871
1 2874
1 2875
1 2876
1 2879
1 2877
2 2877 2878
1 2882
1 2881
1 2880
1 2883
1 2885
1 2884
1 2887
1 2886
1 2888
1 2889
1 2891
2 2890 2891
1 2892
1 2893
2 2892 2894
1 2895
1 2896
2 2897 2895
1 2898
1 2899
1 2900
1 2903
2 2901 2902
1 2901
1 2904
1 2906
1 2905
2 2907 2908
1 2907
2 2909 2908
2 2911 2912
1 2912
1 2910
2 2915 2913
1 2914
2 2913 2915
1 2918
1 2916
1 2917
2 2921 2920
1 2921
1 2919
2 2923 2924
2 2922 2924
1 2924
1 2927
1 2926
2 2927 2925
1 2929
1 2928
1 2930
1 2931
2 2931 2933
2 2932 2933
1 2934
2 2936 2935
1 2936
1 2938
2 2937 2939
2 2939 2937
1 2942
1 2941
1 2940
1 2944
2 2945 2943
1 2945
1 2948
1 2946
2 2947 2948
1 2949
2 2951 2950
1 2951
1 2954
3 2954 2953 2952
1 2952
2 2955 2957
1 2956
1 2957
2 2960 2959
2 2959 2960
1 2958
1 2963
1 2961
2 2963 2962
2 2965 2966
2 2966 2965
2 2965 2964
1 2968
1 2967
3 2967 2969 2968
2 2970 2972
2 2971 2972
1 2972
1 2974
1 2973
2 2975 2973
1 2978
2 2976 2977
1 2976
2 2981 2980
1 2980
1 2979
1 2984
1 2982
1 2983
1 2987
1 2985
1 2986
1 2988
1 2990
1 2989
1 2991
1 2992
1 2993
1 2996
2 2994 2995
2 2995 2994
1 2999
1 2997
2 2998 2999
