1000
2
5
10
13
19
21
25
29
32
37
40
47
48
53
58
60
66
69
74
76
82
84
90
93
97
103
107
111
113
116
120
127
131
132
136
142
146
149
155
157
162
166
168
174
177
182
186
191
194
199
202
206
210
212
217
222
224
231
233
238
241
245
248
255
258
262
266
269
274
279
282
286
288
292
298
301
305
311
312
317
322
326
328
335
336
342
347
348
354
359
363
365
371
375
378
383
387
391
395
397
401
405
408
415
416
421
424
428
434
436
442
445
449
454
458
460
465
470
475
479
482
486
490
495
499
503
506
509
515
519
521
525
530
534
539
542
547
548
555
556
561
564
570
573
576
581
587
589
594
598
600
607
611
613
618
620
626
631
632
637
641
647
648
655
656
661
664
671
674
677
682
685
691
693
698
701
705
711
714
717
720
726
729
732
739
742
747
750
753
759
762
765
771
772
779
780
787
790
793
798
800
806
809
813
817
823
824
828
832
838
842
846
848
853
859
861
865
871
875
879
883
887
888
894
896
900
907
911
913
917
921
926
929
935
938
940
944
951
954
958
960
965
968
973
978
980
984
991
992
998
1002
1007
1010
1013
1016
1022
1027
1029
1032
1037
1041
1045
1050
1053
1056
1063
1064
1068
1075
1076
1080
1086
1091
1092
1098
1102
1105
1109
1114
1117
1120
1124
1128
1135
1139
1142
1146
1149
1153
1159
1160
1165
1168
1175
1178
1180
1187
1188
1192
1196
1200
1206
1210
1214
1219
1221
1227
1231
1234
1239
1243
1247
1248
1252
1258
1263
1264
1271
1275
1276
1283
1287
1288
1295
1297
1302
1304
1311
1313
1316
1320
1326
1328
1333
1336
1343
1344
1348
1355
1356
1363
1367
1371
1375
1378
1383
1387
1388
1395
1397
1402
1405
1410
1414
1419
1423
1426
1430
1432
1438
1440
1444
1450
1455
1459
1463
1464
1471
1475
1478
1480
1486
1490
1493
1498
1500
1505
1509
1515
1517
1521
1525
1531
1533
1536
1541
1545
1551
1553
1559
1562
1566
1570
1574
1579
1580
1585
1588
1595
1599
1602
1605
1611
1613
1617
1622
1625
1630
1633
1638
1642
1646
1650
1653
1659
1661
1666
1670
1672
1679
1682
1685
1689
1692
1697
1702
1704
1708
1714
1719
1723
1727
1730
1735
1739
1740
1744
1748
1755
1759
1763
1766
1768
1775
1779
1780
1787
1790
1792
1798
1801
1807
1808
1814
1819
1821
1824
1828
1833
1838
1842
1844
1849
1854
1857
1862
1864
1868
1873
1879
1883
1886
1890
1895
1897
1901
1904
1909
1914
1916
1920
1924
1929
1935
1938
1940
1946
1949
1954
1956
1961
1965
1970
1974
1979
1983
1987
1988
1994
1998
2000
2005
2008
2013
2019
2022
2026
2029
2035
2038
2041
2046
2051
2052
2056
2062
2067
2070
2073
2079
2081
2087
2089
2094
2098
2100
2107
2111
2114
2119
2122
2124
2129
2135
2138
2142
2146
2148
2154
2157
2163
2166
2171
2174
2177
2182
2187
2189
2194
2198
2201
2205
2209
2215
2219
2221
2224
2231
2232
2236
2243
2245
2251
2255
2258
2260
2264
2270
2275
2276
2281
2284
2290
2295
2298
2301
2304
2310
2312
2319
2321
2325
2328
2332
2338
2343
2345
2351
2355
2358
2362
2367
2369
2373
2379
2381
2385
2391
2395
2396
2402
2405
2408
2414
2418
2421
2426
2428
2432
2438
2443
2446
2448
2455
2456
2461
2466
2471
2473
2477
2480
2485
2490
2493
2499
2501
2506
2508
2512
2519
2523
2525
2530
2533
2539
2540
2546
2551
2553
2557
2563
2565
2571
2572
2577
2583
2584
2591
2592
2598
2601
2606
2610
2612
2619
2621
2626
2628
2634
2637
2640
2645
2648
2654
2658
2662
2664
2671
2675
2679
2683
2685
2689
2694
2699
2700
2706
2708
2713
2718
2720
2727
2731
2734
2737
2743
2747
2749
2754
2757
2761
2765
2770
2772
2778
2782
2785
2791
2792
2798
2803
2805
2810
2815
2816
2823
2824
2828
2835
2837
2840
2845
2849
2854
2856
2862
2864
2870
2872
2877
2882
2887
2890
2893
2899
2903
2904
2909
2912
2916
2922
2924
2930
2932
2936
2943
2946
2949
2952
2957
2963
2967
2969
2974
2979
2983
2984
2988
2994
2998
3000
3005
3008
3015
3016
3020
3026
3031
3033
3036
3040
3047
3050
3052
3058
3063
3066
3070
3072
3076
3080
3085
3090
3093
3096
3100
3105
3109
3114
3119
3121
3124
3129
3135
3138
3143
3144
3149
3153
3157
3162
3167
3170
3175
3176
3181
3184
3189
3195
3196
3201
3204
3211
3212
3217
3220
3225
3229
3235
3239
3242
3247
3248
3255
3257
3261
3266
3271
3273
3278
3281
3284
3289
3295
3296
3301
3307
3309
3313
3318
3321
3324
3328
3333
3339
3341
3345
3349
3354
3357
3360
3366
3368
3372
3378
3381
3387
3388
3393
3399
3403
3405
3408
3414
3416
3421
3425
3428
3435
3438
3440
3445
3450
3454
3456
3461
3467
3470
3475
3478
3480
3486
3490
3495
3496
3501
3504
3509
3513
3517
3522
3526
3531
3533
3536
3540
3545
3551
3553
3556
3561
3565
3571
3575
3578
3581
3585
3589
3594
3597
3600
3606
3609
3615
3619
3623
3627
3630
3635
3636
3640
3645
3648
3654
3656
3660
3664
3669
3673
3676
3681
3685
3688
3693
3696
3701
3707
3709
3712
3716
3722
3726
3731
3735
3736
3742
3746
3750
3752
3759
3761
3764
3771
3773
3776
3782
3785
3789
3792
3799
3802
3806
3808
3813
3817
3821
3826
3828
3833
3837
3842
3844
3851
3855
3857
3860
3866
3869
3873
3877
3883
3887
3888
3894
3899
3901
3907
3911
3913
3917
3920
3926
3929
3933
3938
3942
3945
3948
3955
3956
3960
3966
3971
3974
3978
3981
3986
3990
3995
3998
