1000
0
9
13
19
24
27
30
39
42
47
54
55
64
69
73
77
80
88
90
99
100
106
112
119
124
128
132
136
141
148
151
159
161
169
173
176
182
186
194
195
202
207
210
219
224
227
233
235
241
246
250
259
260
266
271
275
280
285
290
297
302
309
313
316
322
327
330
338
343
347
354
355
364
366
371
379
384
385
392
398
402
409
411
418
424
429
432
436
440
446
454
459
460
469
470
478
480
485
494
499
501
508
513
519
522
527
533
538
540
545
552
558
562
569
574
575
583
585
592
599
600
607
612
618
620
627
634
638
640
649
654
659
662
666
670
675
683
685
694
697
702
708
714
717
720
728
732
738
741
745
751
755
762
765
774
775
780
789
791
796
804
805
814
817
820
826
832
835
840
846
852
857
861
867
872
878
883
889
892
895
900
909
911
916
921
928
934
937
940
949
954
957
961
966
974
977
984
988
994
998
1004
1009
1011
1018
1021
1025
1031
1038
1043
1046
1054
1059
1063
1069
1074
1075
1084
1088
1093
1096
1104
1109
1112
1118
1120
1126
1131
1138
1144
1148
1152
1155
1164
1165
1170
1178
1182
1189
1193
1195
1201
1207
1210
1216
1220
1227
1231
1238
1244
1247
1250
1259
1260
1267
1274
1279
1281
1286
1294
1297
1300
1306
1314
1318
1321
1325
1334
1336
1344
1348
1352
1358
1363
1366
1372
1377
1381
1389
1391
1395
1401
1407
1410
1419
1422
1427
1433
1435
1444
1449
1453
1458
1462
1468
1470
1475
1480
1489
1491
1499
1501
1506
1514
1515
1521
1525
1534
1538
1541
1547
1552
1558
1564
1566
1572
1577
1582
1587
1591
1597
1601
1607
1611
1618
1621
1626
1632
1636
1644
1649
1652
1656
1662
1667
1674
1679
1681
1685
1694
1699
1704
1707
1712
1715
1724
1726
1730
1736
1744
1749
1750
1758
1762
1768
1771
1778
1783
1787
1790
1797
1802
1808
1812
1817
1822
1827
1834
1835
1840
1849
1854
1858
1860
1865
1871
1877
1883
1886
1891
1895
1901
1907
1914
1919
1924
1926
1934
1937
1940
1945
1954
1958
1961
1969
1974
1976
1984
1989
1993
1997
2004
2007
2010
2018
2024
2028
2030
2039
2043
2045
2053
2058
2063
2069
2073
2079
2083
2085
2090
2095
2104
2106
2113
2119
2122
2128
2134
2135
2140
2146
2153
2158
2164
2166
2171
2177
2182
2189
2191
2199
2203
2209
2212
2217
2220
2229
2232
2239
2241
2249
2253
2255
2263
2265
2272
2279
2280
2285
2290
2297
2304
2308
2313
2318
2321
2327
2331
2338
2340
2349
2351
2359
2361
2365
2371
2377
2384
2386
2391
2399
2404
2409
2411
2417
2421
2426
2432
2438
2440
2445
2453
2457
2464
2468
2472
2475
2481
2487
2490
2495
2502
2505
2510
2516
2521
2526
2530
2539
2543
2547
2554
2557
2562
2566
2574
2578
2582
2585
2590
2595
2604
2608
2610
2617
2620
2626
2632
2635
2640
2649
2650
2659
2662
2667
2673
2677
2681
2687
2692
2699
2703
2708
2713
2717
2723
2728
2732
2736
2740
2746
2750
2758
2763
2766
2773
2775
2782
2789
2794
2796
2804
2808
2810
2818
2822
2826
2834
2837
2842
2845
2852
2859
2861
2869
2872
2875
2882
2889
2890
2899
2901
2905
2910
2916
2923
2926
2932
2938
2940
2949
2952
2955
2963
2965
2973
2979
2983
2988
2994
2997
3004
3009
3014
3019
3022
3026
3034
3036
3043
3045
3050
3056
3063
3069
3072
3076
3083
3088
3094
3098
3100
3106
3111
3115
3124
3125
3132
3138
3141
3147
3152
3159
3162
3166
3170
3179
3184
3189
3194
3198
3203
3206
3213
3216
3222
3225
3232
3239
3241
3246
3252
3258
3261
3267
3274
3277
3282
3287
3293
3295
3302
3309
3311
3317
3323
3328
3331
3339
3344
3349
3351
3359
3362
3369
3374
3379
3380
3389
3391
3396
3401
3407
3412
3418
3421
3428
3430
3437
3443
3446
3450
3457
3460
3466
3471
3478
3484
3486
3491
3497
3502
3508
3514
3516
3521
3527
3533
3538
3544
3549
3551
3559
3563
3565
3573
3577
3581
3585
3593
3597
3602
3606
3613
3618
3622
3625
3633
3638
3643
3646
3651
3657
3663
3667
3672
3675
3682
3686
3691
3699
3704
3705
3714
3715
3722
3725
3730
3737
3740
3746
3752
3755
3764
3768
3771
3776
3784
3787
3794
3795
3800
3806
3811
3819
3820
3829
3831
3835
3840
3848
3852
3858
3863
3869
3870
3879
3883
3887
3893
3896
3900
3907
3911
3915
3921
3927
3931
3936
3943
3946
3950
3957
3964
3966
3971
3976
3980
3989
3994
3999
4000
4009
4012
4017
4021
4027
4034
4036
4040
4045
4052
4056
4064
4066
4073
4079
4080
4087
4090
4095
4104
4105
4111
4118
4122
4126
4132
4135
4141
4148
4154
4157
4164
4166
4170
4179
4180
4189
4191
4195
4203
4206
4212
4217
4221
4226
4231
4237
4244
4245
4252
4258
4260
4266
4272
4278
4282
4286
4293
4298
4303
4309
4311
4317
4321
4326
4331
4337
4340
4349
4350
4359
4360
4369
4372
4378
4382
4387
4390
4396
4401
4409
4413
4419
4420
4428
4433
4438
4443
4447
4450
4455
4463
4465
4473
4479
4484
4489
4490
4496
4500
4506
4514
4516
4520
4527
4530
4538
4543
4546
4550
4558
4561
4568
4571
4577
4584
4587
4591
4598
4600
4607
4614
4616
4624
4626
4630
4636
4641
4649
4651
4656
4664
4668
4672
4679
4684
4689
4692
4699
4702
4706
4710
4716
4721
4727
4734
4737
4743
4747
4752
4758
4763
4766
4770
4775
4783
4786
4792
4795
4800
4807
4810
4815
4821
4825
4831
4839
4840
4845
4854
4859
4864
4865
4872
4875
4884
4886
4892
4895
4900
4906
4910
4916
4921
4929
4934
4937
4943
4948
4950
4957
4963
4969
4971
4979
4983
4987
4992
4998
