400
5
16
24
40
57
60
76
95
103
108
124
132
144
157
176
185
196
207
220
233
241
261
270
281
291
310
314
327
347
358
364
382
384
406
414
431
442
448
457
479
489
497
505
519
532
551
552
573
582
599
606
620
629
645
653
667
673
690
701
717
728
739
751
761
769
787
801
810
823
836
842
862
870
885
898
907
912
929
945
950
970
975
986
1000
1009
1025
1037
1047
1065
1070
1081
1096
1107
1126
1134
1142
1155
1168
1179
1199
1201
1219
1229
1243
1259
1264
1282
1294
1301
1314
1322
1342
1354
1360
1378
1382
1402
1409
1421
1432
1450
1458
1473
1484
1493
1507
1520
1530
1537
1550
1563
1575
1586
1604
1613
1625
1639
1653
1658
1672
1685
1701
1710
1727
1732
1748
1753
1765
1780
1799
1803
1816
1834
1837
1852
1869
1874
1887
1903
1914
1930
1938
1955
1959
1977
1981
2000
2006
2016
2035
2048
2057
2070
2084
2089
2110
2112
2126
2142
2155
2167
2178
2195
2200
2218
2231
2240
2246
2256
2278
2291
2302
2306
2326
2333
2348
2360
2365
2380
2397
2401
2413
2434
2445
2459
2464
2474
2493
2496
2513
2531
2532
2547
2565
2574
2582
2594
2606
2617
2636
2647
2661
2671
2685
2694
2710
2716
2732
2737
2758
2761
2773
2787
2802
2812
2825
2835
2851
2856
2869
2890
2892
2908
2920
2929
2943
2954
2967
2979
2988
3008
3021
3034
3041
3055
3070
3079
3090
3100
3109
3120
3138
3154
3156
3178
3189
3196
3207
3217
3231
3247
3257
3272
3278
3291
3310
3315
3334
3346
3359
3370
3372
3385
3405
3419
3431
3442
3445
3462
3471
3481
3498
3508
3527
3532
3543
3556
3565
3581
3590
3604
3615
3627
3638
3651
3664
3681
3694
3701
3719
3725
3732
3753
3757
3779
3787
3799
3813
3819
3829
3846
3853
3870
3885
3894
3906
3913
3934
3936
3954
3967
3976
3984
4005
4009
4025
4033
4046
4060
4079
4091
4098
4110
4122
4138
4144
4155
4169
4181
4190
4211
4214
4232
4237
4249
4269
4283
4295
4306
4317
4321
4332
4350
4363
4376
4382
4395
4405
4422
4435
4440
4459
4475
4476
4490
4501
4514
4534
4540
4549
4571
4575
4584
4607
4609
4626
4643
4652
4665
4679
4688
4698
4710
4719
4735
4744
4761
4769
4782
4791
