276
10
29
57
65
81
100
139
141
160
191
213
231
256
270
282
318
330
358
365
389
404
425
452
468
482
511
537
542
563
584
602
625
652
664
688
712
732
746
777
788
815
837
855
879
889
907
929
944
967
987
1016
1025
1044
1071
1098
1105
1130
1137
1153
1156
1165
1173
1184
1193
1204
1212
1236
1238
1247
1255
1261
1264
1280
1295
1303
1318
1329
1336
1350
1358
1363
1367
1380
1396
1401
1403
1424
1430
1441
1452
1461
1472
1480
1492
1509
1516
1524
1530
1544
1556
1563
1570
1590
1594
1616
1619
1628
1632
1645
1649
1672
1676
1690
1692
1712
1714
1721
1728
1750
1751
1769
1774
1780
1783
1807
1810
1827
1832
1850
1851
1865
1875
1895
1896
1914
1917
1938
1939
1947
1954
1960
1968
1992
1996
2005
2008
2031
2037
2051
2059
2065
2072
2084
2089
2102
2116
2136
2137
2150
2153
2162
2173
2191
2193
2213
2214
2223
2238
2247
2258
2260
2261
2294
2296
2303
2314
2325
2335
2358
2359
2360
2367
2389
2399
2407
2410
2432
2436
2448
2457
2467
2470
2488
2495
2503
2516
2530
2531
2547
2558
2575
2578
2584
2592
2607
2611
2627
2639
2659
2674
2683
2704
2731
2759
2765
2795
2803
2837
2842
2867
2880
2901
2921
2951
2967
2980
3016
3026
3044
3061
3092
3106
3135
3147
3169
3183
3218
3229
3257
3269
3299
3315
3328
3358
3367
3392
3400
3423
3443
3477
3492
3517
3536
3541
3565
3589
3617
3626
3656
3674
3694
3713
3722
3746
3779
3791
3817
3834
3854
3862
3899
3915
3935
3949
3961
3986
