15 15 4 216
4 22 24 15 18
4 22 17 25 28
7 15 28 17 19 20 23 24
9 22 15 16 18 25 29 17 23 21
9 23 27 25 18 26 28 17 16 20
8 20 17 21 23 16 18 26 19
3 23 18 19
3 20 23 19
6 15 23 27 29 26 25
6 22 20 24 15 18 28
5 17 25 23 29 15
6 19 25 26 20 24 23
6 15 25 21 29 28 26
6 23 28 25 27 16 21
4 24 22 29 17
6 44 31 33 39 34 38
5 43 35 37 44 38
4 43 32 37 42
8 39 36 34 40 37 32 38 43
7 37 41 40 30 42 44 36
8 39 31 41 33 44 35 40 30
3 40 38 31
6 40 37 36 31 39 35
7 39 33 40 44 38 31 43
8 36 35 33 34 39 44 31 37
8 41 36 35 42 37 33 40 32
6 43 38 33 39 30 41
4 37 41 38 39
6 42 35 38 43 32 31
4 42 36 35 30
4 54 50 47 57
7 45 48 52 58 54 47 49
5 48 50 49 52 59
11 45 50 51 48 46 55 52 47 53 49 59
5 59 57 48 46 50
3 57 53 48
5 45 59 57 46 53
9 47 53 58 48 49 45 51 56 46
4 54 59 48 47
3 56 54 45
5 59 52 57 58 49
3 45 53 54
5 52 49 55 53 47
9 54 59 47 53 49 56 48 52 51
3 55 50 56
6 64 70 65 62 67 63
4 74 70 66 71
3 65 73 74
7 70 65 73 72 60 61 67
6 66 63 70 67 71 74
5 60 66 64 62 72
3 65 68 66
6 71 70 74 64 65 73
8 72 62 61 68 63 71 67 73
6 65 64 67 61 74 68
7 62 61 63 65 68 69 72
5 66 63 69 62 74
5 62 61 71 72 68
4 61 68 69 65
8 74 64 67 62 63 65 72 61
10 86 85 80 76 77 75 78 84 89 87
5 87 89 80 88 75
6 76 88 79 80 89 75
4 77 86 84 85
5 78 80 79 81 76
5 87 81 75 82 77
5 82 81 87 86 83
9 80 85 83 84 88 81 75 89 77
6 78 79 86 88 77 82
7 79 89 88 75 83 84 76
6 75 87 77 80 81 79
5 76 82 86 87 88
5 78 86 81 89 88
7 84 85 76 75 89 82 86
5 87 84 85 81 80
7 98 99 104 103 102 92 93
6 92 104 93 90 100 95
5 99 101 96 95 90
5 96 104 92 99 101
6 95 103 104 96 93 94
6 92 99 104 91 103 95
5 103 90 91 92 95
3 90 100 93
4 99 98 94 95
7 102 96 101 92 98 93 97
8 95 99 97 94 100 103 92 93
7 93 102 90 91 92 96 104
9 92 104 101 100 95 96 98 93 99
6 103 97 102 92 104 96
3 101 94 104
5 112 119 109 108 111
5 115 112 117 118 116
7 109 106 118 105 108 119 113
5 115 110 105 116 108
3 107 113 117
6 105 108 110 115 118 111
6 117 111 109 112 105 115
6 118 112 105 113 109 108
4 110 111 117 118
3 118 114 116
5 105 114 118 115 107
5 114 107 113 111 117
4 106 115 117 119
8 114 116 107 113 117 119 109 118
8 113 105 109 114 119 117 115 107
7 124 123 125 133 130 129 134
4 129 126 131 123
6 131 122 127 133 121 124
9 133 122 124 126 125 121 131 129 123
4 133 124 122 120
6 124 130 123 121 129 127
6 133 125 126 120 123 132
7 128 124 120 130 132 134 122
5 134 126 125 132 122
8 126 131 128 127 125 130 124 133
7 134 132 131 128 120 126 130
4 121 124 128 132
6 126 130 131 124 120 132
8 125 120 122 133 126 131 132 128
6 121 128 129 120 127 131
5 143 137 141 140 146
7 146 144 143 145 148 147 136
6 149 147 141 148 146 145
6 136 146 144 140 145 142
9 147 149 136 137 148 138 141 145 142
6 144 141 136 146 149 135
4 137 148 141 144
5 142 140 141 149 146
7 135 147 136 140 146 143 148
4 142 143 148 136
5 143 135 142 138 136
8 148 139 145 143 142 137 135 138
6 144 140 145 138 146 139
6 147 142 149 136 141 137
4 142 140 139 149
4 153 159 162 157
6 150 164 152 155 163 154
5 153 158 162 150 152
7 152 159 151 162 156 164 154
8 162 158 151 161 154 164 155 150
6 158 157 161 163 160 156
5 155 153 161 163 158
9 164 158 160 161 159 150 154 152 156
8 151 162 152 156 164 160 155 163
5 150 153 163 160 162
5 155 151 153 164 160
3 151 153 154
6 154 151 152 150 161 158
5 155 164 152 162 163
6 153 156 158 159 155 154
5 165 171 168 178 170
5 169 167 176 165 177
6 168 169 172 171 170 173
5 169 176 173 165 174
5 177 178 165 173 174
7 165 175 167 168 170 171 174
7 166 169 165 175 178 173 168
9 168 175 174 178 166 179 173 170 167
3 172 174 166
5 179 170 171 173 178
5 168 175 169 167 171
4 165 179 171 169
7 175 179 165 169 168 176 167
9 169 166 172 177 176 175 173 168 174
6 169 165 170 178 177 172
8 192 182 180 194 193 191 184 185
7 189 187 186 182 194 192 193
7 192 186 190 193 191 185 182
7 192 189 194 190 184 182 191
7 188 191 193 185 180 186 184
8 192 185 184 189 193 183 181 180
9 190 189 186 194 180 181 193 184 192
3 189 184 185
4 189 181 193 188
7 188 191 182 183 181 190 180
4 190 187 183 188
6 193 183 189 182 191 181
7 180 191 190 182 185 181 189
4 193 189 192 185
7 193 189 183 190 182 181 187
7 208 209 199 202 195 203 206
7 201 199 198 207 200 202 206
5 206 198 196 207 202
11 209 202 201 199 200 208 206 198 197 195 196
4 195 203 205 200
4 196 204 205 199
4 196 200 203 207
9 201 202 209 200 207 208 197 206 199
5 202 205 204 197 200
7 203 205 208 206 201 202 207
6 202 206 208 196 201 204
5 205 195 208 196 209
6 204 207 202 209 208 199
5 196 209 195 207 205
4 202 200 199 206
8 211 213 220 217 224 218 216 219
8 218 224 221 215 213 220 210 214
5 216 215 223 224 218
7 218 220 219 212 214 217 224
7 210 218 211 224 214 223 220
9 221 216 213 217 223 215 214 220 211
6 224 219 212 217 216 221
8 223 210 214 212 215 218 220 217
7 219 216 213 211 210 212 220
3 221 215 212
4 211 212 224 221
5 223 214 222 211 215
9 211 215 217 212 220 213 216 210 222
5 212 213 216 217 221
5 221 216 211 214 217
