16 14 6 217
16 25 18 27 22 24 23 29 16 19 30 21 20 28 26 17 31
16 19 20 26 28 23 24 30 18 27 22 17 21 29 16 25 31
16 17 18 31 27 24 23 22 29 16 26 19 20 28 25 30 21
16 22 23 27 29 26 19 16 28 20 17 18 21 30 24 31 25
16 17 28 20 29 19 16 31 25 30 21 18 27 26 22 23 24
16 18 22 16 19 21 27 28 26 17 30 29 24 23 31 20 25
16 27 22 23 28 17 31 29 20 26 21 30 18 24 16 19 25
16 30 29 22 31 21 19 18 17 16 26 23 28 27 20 24 25
16 29 26 22 30 27 23 31 24 28 16 25 21 17 19 18 20
16 19 16 23 21 27 17 26 28 18 24 30 22 20 31 25 29
16 23 20 30 24 31 17 29 26 18 25 28 19 27 21 16 22
16 24 25 18 20 19 22 27 29 30 21 31 28 23 16 17 26
16 26 23 22 24 20 30 19 25 18 28 31 17 21 16 29 27
16 30 20 29 21 16 24 28 26 18 25 22 17 27 23 19 31
16 31 30 27 28 25 22 19 18 20 23 21 16 17 24 29 26
16 27 19 29 20 30 28 18 22 25 21 16 26 31 24 23 17
16 38 39 41 32 37 46 45 40 36 33 44 43 42 35 47 34
16 35 47 39 37 36 33 41 42 32 45 34 38 43 44 40 46
16 41 36 34 44 45 42 38 37 46 40 35 39 47 33 43 32
16 41 40 43 39 37 35 46 38 33 32 47 45 44 36 42 34
16 45 32 47 46 36 40 38 37 34 44 41 43 33 35 42 39
16 42 43 32 38 46 40 35 39 41 45 33 47 44 37 36 34
16 34 36 43 46 47 41 37 32 40 42 35 44 33 45 38 39
16 40 45 38 34 44 42 41 47 39 46 43 32 36 37 35 33
16 45 37 46 44 32 34 35 36 41 39 43 33 38 40 47 42
16 36 43 46 45 37 42 47 44 32 38 41 39 40 35 33 34
16 38 46 44 35 43 32 34 33 47 36 45 42 40 39 37 41
16 45 39 35 32 34 36 33 40 44 41 46 37 43 47 42 38
16 46 34 44 37 33 41 42 35 32 47 39 36 45 43 40 38
16 45 34 38 40 46 33 36 32 41 42 43 39 44 47 37 35
16 32 46 38 37 42 36 35 41 34 39 40 45 47 44 33 43
16 32 37 43 34 46 33 39 36 41 44 47 40 45 38 42 35
16 59 63 61 58 57 54 62 55 52 51 50 60 48 56 53 49
16 51 55 58 54 56 60 61 49 52 50 62 59 53 57 63 48
16 60 53 48 57 52 51 56 58 59 62 50 54 63 55 61 49
16 53 48 55 49 58 63 56 59 57 60 50 62 54 51 61 52
16 56 53 55 49 51 61 50 48 57 59 54 60 62 58 63 52
16 52 55 49 48 56 54 61 63 62 57 59 51 50 58 60 53
16 60 61 49 52 48 50 62 56 63 55 57 54 53 58 59 51
16 60 63 51 53 52 54 55 59 48 57 50 56 61 62 49 58
16 55 56 49 57 58 48 59 50 61 51 54 53 63 52 62 60
16 63 56 51 61 57 50 48 60 59 53 62 54 55 49 52 58
16 56 51 62 54 50 60 59 61 57 52 49 55 48 53 63 58
16 55 53 48 59 61 52 50 57 63 56 51 49 58 62 60 54
16 63 62 60 55 59 54 51 57 61 49 50 56 58 52 53 48
16 59 51 55 61 54 50 49 52 57 58 63 60 48 56 62 53
16 57 63 56 58 61 50 51 62 60 53 59 54 48 49 55 52
16 48 52 60 58 56 62 50 54 53 59 57 61 51 63 49 55
16 77 76 72 73 75 74 67 78 65 79 71 69 70 66 64 68
16 64 77 73 76 67 69 75 78 79 66 72 68 70 71 74 65
16 72 73 78 70 64 68 65 67 75 71 77 69 79 76 66 74
16 76 64 66 70 78 79 75 71 77 65 68 74 67 72 69 73
16 65 66 68 67 70 64 69 77 73 79 78 71 75 76 72 74
16 77 78 66 67 79 72 76 74 70 73 68 64 69 75 71 65
16 74 79 78 76 77 70 69 72 65 71 67 73 68 75 64 66
16 76 78 71 73 64 70 79 65 77 69 68 74 67 66 75 72
16 76 74 67 79 78 68 64 70 69 75 65 66 73 77 71 72
16 66 67 79 73 71 78 69 65 68 77 75 72 76 70 74 64
16 73 71 75 69 67 79 76 74 78 72 70 64 68 65 66 77
16 70 77 78 73 67 79 65 72 64 69 76 71 66 68 74 75
16 78 74 79 72 75 76 77 66 65 73 71 68 64 70 69 67
16 70 68 77 72 76 75 67 74 66 65 69 64 79 73 78 71
16 65 72 68 73 77 71 79 69 66 64 70 78 76 74 75 67
16 69 78 76 77 66 67 79 72 65 75 71 64 73 70 74 68
16 85 87 82 83 84 91 88 92 81 95 90 80 86 89 93 94
16 89 91 80 83 90 84 95 92 81 86 93 82 94 88 85 87
16 88 86 95 91 94 92 85 82 87 80 84 81 93 89 83 90
16 82 95 89 88 93 80 90 84 94 86 85 87 91 92 83 81
16 93 88 85 87 95 91 81 82 80 92 86 83 84 94 90 89
16 87 92 84 90 85 82 88 80 86 89 81 94 83 93 91 95
16 88 95 85 91 87 83 90 93 80 86 89 81 94 92 84 82
16 81 92 89 93 95 94 88 82 84 90 91 85 80 83 86 87
16 94 87 83 89 90 80 91 92 84 81 86 85 88 93 82 95
16 84 81 90 87 82 91 93 89 83 92 88 95 80 86 94 85
16 82 85 81 90 84 95 83 88 87 89 91 92 86 94 93 80
16 87 90 82 89 86 84 91 80 93 92 81 88 85 83 94 95
16 80 95 85 92 87 82 84 91 83 88 86 81 94 90 93 89
16 94 95 89 87 81 85 91 93 84 86 82 88 92 80 90 83
16 95 87 92 91 86 80 84 89 82 85 81 93 88 83 94 90
16 95 89 84 92 91 82 87 80 94 85 81 83 90 88 86 93
16 100 98 96 106 105 101 108 107 97 99 104 110 102 103 111 109
16 103 107 108 97 96 105 104 110 106 100 101 98 99 109 102 111
16 97 111 99 110 103 109 107 96 104 98 102 100 105 101 108 106
16 101 99 108 104 103 105 111 100 110 97 107 98 96 106 102 109
16 110 109 107 103 102 105 108 111 96 97 106 99 104 98 101 100
16 107 98 102 105 109 104 106 100 97 99 101 108 111 110 103 96
16 105 103 101 96 100 106 107 97 109 108 99 98 104 111 110 102
16 111 97 109 102 101 108 103 96 100 110 105 106 104 98 107 99
16 96 109 110 103 111 100 105 107 97 108 101 99 106 98 104 102
16 98 97 111 100 110 96 108 107 101 99 105 109 106 103 104 102
16 103 101 97 99 110 98 111 107 109 108 106 100 104 105 102 96
16 101 110 98 103 105 100 97 102 106 99 109 107 96 111 104 108
16 99 105 102 110 96 97 103 106 107 111 109 104 108 101 98 100
16 104 109 99 98 100 110 103 96 107 102 108 106 111 105 97 101
16 98 101 103 102 109 110 106 107 100 108 96 99 111 97 104 105
16 103 99 106 109 101 97 96 108 100 105 102 111 107 104 98 110
16 115 126 123 124 114 116 121 122 112 118 125 119 113 117 120 127
16 112 120 114 119 126 118 123 121 127 125 122 117 124 116 113 115
16 121 119 113 117 126 124 118 123 114 116 122 115 127 125 112 120
16 113 118 114 127 125 115 112 122 126 120 121 123 124 116 119 117
16 117 123 114 126 119 120 127 121 115 118 122 116 125 124 113 112
16 119 116 122 113 123 127 114 120 125 121 115 117 126 118 112 124
16 117 125 127 116 113 124 114 121 122 119 115 123 112 118 126 120
16 114 126 127 123 121 120 119 124 116 122 113 112 117 115 125 118
16 116 119 113 125 115 124 114 120 117 123 112 118 127 126 122 121
16 120 125 127 115 124 121 118 117 123 112 126 116 122 114 119 113
16 123 121 113 112 117 122 115 120 127 118 124 126 114 116 125 119
16 113 126 127 112 118 114 119 122 123 125 115 120 121 116 124 117
16 127 121 123 124 114 117 125 116 113 112 122 126 119 120 118 115
16 121 119 127 120 117 116 114 122 123 113 115 126 125 112 124 118
16 114 121 113 118 116 117 123 119 125 126 112 122 124 120 115 127
16 115 125 124 114 118 119 127 121 113 126 112 117 123 122 120 116
16 133 139 136 137 134 138 143 140 129 135 131 130 141 142 132 128
16 134 137 129 131 132 139 141 138 135 140 143 136 142 128 130 133
16 134 136 131 130 132 143 128 138 133 135 141 129 139 140 137 142
16 141 128 132 134 129 143 142 130 138 137 136 131 135 139 133 140
16 137 129 133 128 143 140 134 135 138 130 136 142 131 139 141 132
16 140 142 132 143 135 133 139 128 136 138 137 129 131 130 134 141
16 138 131 141 143 128 140 142 129 134 133 130 137 132 136 139 135
16 139 132 128 131 134 138 143 140 129 137 135 136 142 133 130 141
16 142 137 129 130 128 136 140 131 132 139 135 141 134 133 143 138
16 138 128 137 143 132 141 135 134 142 140 139 136 129 130 133 131
16 129 139 136 132 143 128 131 141 142 133 130 140 135 134 138 137
16 129 130 140 141 134 135 138 132 142 131 133 137 143 139 136 128
16 135 142 129 143 138 141 140 130 134 128 137 139 131 132 136 133
16 129 137 130 139 140 141 135 133 142 138 128 143 132 136 134 131
16 137 142 136 130 135 138 129 132 133 139 140 128 141 143 134 131
16 128 136 137 135 142 133 131 140 130 129 143 138 132 141 139 134
16 149 151 153 144 148 147 159 145 154 155 152 146 157 150 158 156
16 159 149 157 151 158 155 153 146 147 154 144 145 148 156 152 150
16 153 158 148 152 155 157 147 145 151 154 150 156 146 144 159 149
16 153 145 152 159 157 151 144 158 150 147 146 155 156 149 148 154
16 157 149 147 155 148 153 158 145 150 156 154 151 144 146 152 159
16 151 156 150 159 152 147 148 144 146 158 154 145 153 155 157 149
16 159 151 145 155 153 146 158 154 147 149 157 150 144 148 156 152
16 151 156 146 157 144 158 145 154 152 150 149 147 155 159 153 148
16 156 146 150 145 155 157 158 154 147 159 151 153 149 148 144 152
16 149 145 156 146 144 155 147 158 148 150 154 157 153 159 152 151
16 148 154 159 146 155 144 145 151 150 157 149 153 156 152 158 147
16 146 149 156 154 159 150 144 145 147 151 153 148 152 158 155 157
16 156 147 148 151 145 159 155 146 152 144 158 157 150 153 154 149
16 150 159 148 152 153 144 154 155 146 156 149 147 151 145 157 158
16 156 158 146 152 151 145 157 154 153 149 144 159 150 155 148 147
16 159 149 150 146 157 153 148 158 145 147 151 152 144 154 156 155
16 160 172 174 165 171 161 168 164 167 169 173 170 162 175 166 163
16 173 172 163 162 168 166 175 174 161 171 165 160 170 167 169 164
16 173 171 168 161 174 172 162 163 167 165 170 169 160 175 166 164
16 175 163 173 164 167 165 169 166 172 171 160 161 170 162 168 174
16 173 168 166 169 164 167 160 170 171 162 163 165 174 172 175 161
16 174 167 170 162 163 172 169 165 166 171 160 164 161 168 175 173
16 168 167 163 165 173 175 172 162 164 166 160 170 174 171 169 161
16 171 160 169 172 161 175 167 165 163 170 168 166 174 164 162 173
16 174 160 169 162 168 166 164 163 170 171 161 167 173 165 172 175
16 166 173 169 168 161 162 163 160 167 172 171 165 174 164 175 170
16 171 163 160 164 168 162 170 167 161 173 165 172 169 166 174 175
16 173 171 175 167 164 170 165 174 162 163 169 172 166 168 161 160
16 162 173 160 169 167 161 171 174 172 165 166 164 163 168 175 170
16 171 163 170 164 173 165 175 172 169 174 167 162 160 161 166 168
16 162 170 160 164 174 171 172 175 167 166 165 169 173 168 163 161
16 167 171 175 174 162 170 172 166 168 164 163 165 169 161 160 173
16 187 178 180 183 182 188 185 179 177 181 184 176 189 186 190 191
16 187 184 189 178 183 180 190 188 176 186 179 177 191 185 181 182
16 183 181 177 185 176 184 180 190 191 178 187 186 182 179 189 188
16 188 182 178 186 177 179 189 187 180 176 183 190 181 184 191 185
16 188 179 177 178 185 184 180 176 186 190 182 187 191 181 189 183
16 176 177 182 178 188 191 184 183 181 187 180 190 179 186 185 189
16 184 188 190 177 183 185 186 187 178 181 180 179 191 176 182 189
16 185 191 184 182 178 180 177 181 186 190 188 189 183 179 176 187
16 176 179 182 180 183 191 188 185 186 187 184 177 189 190 181 178
16 186 183 190 181 182 184 185 191 188 178 177 176 180 189 187 179
16 177 182 187 181 179 191 188 178 183 186 190 176 184 185 189 180
16 190 181 179 187 189 191 176 178 185 180 184 177 188 182 186 183
16 189 185 188 182 177 178 186 191 190 181 179 176 183 187 180 184
16 183 182 178 184 186 180 179 190 188 181 185 191 177 187 189 176
16 189 185 188 184 190 179 186 182 177 187 180 183 181 178 191 176
16 189 191 182 186 185 190 183 179 188 178 187 180 177 176 181 184
16 202 206 200 203 193 205 204 199 197 194 192 196 207 201 198 195
16 192 204 202 196 206 203 201 195 207 194 198 205 197 199 193 200
16 195 200 197 196 198 207 193 204 194 199 206 192 203 201 202 205
16 193 197 207 204 205 199 194 195 206 196 200 201 202 198 203 192
16 198 202 194 203 196 192 195 201 205 197 193 204 206 200 199 207
16 196 206 204 202 194 192 203 193 198 199 197 207 201 205 200 195
16 206 202 194 193 195 204 205 203 192 196 198 199 200 201 207 197
16 202 198 201 203 200 207 206 199 205 196 197 193 204 194 195 192
16 193 200 202 197 205 206 194 196 203 192 198 199 201 207 195 204
16 201 198 202 194 203 200 193 196 204 195 197 192 199 207 205 206
16 198 193 201 205 206 200 194 192 196 204 203 199 207 197 202 195
16 194 201 203 192 198 204 199 200 207 195 196 206 202 193 205 197
16 197 204 195 207 192 206 193 202 194 200 196 198 199 201 203 205
16 194 205 195 192 203 201 198 196 193 197 206 204 207 202 199 200
16 204 206 198 199 197 196 202 200 192 205 195 203 194 201 207 193
16 192 198 203 201 194 200 206 207 199 193 196 197 195 204 205 202
16 216 223 221 213 218 208 220 217 211 212 215 219 210 222 209 214
16 213 223 220 210 221 222 218 215 217 214 208 216 209 219 211 212
16 213 214 222 219 218 215 208 209 212 223 220 211 216 210 217 221
16 208 218 221 216 219 222 209 211 214 213 223 212 215 220 210 217
16 218 222 210 217 223 215 216 208 209 220 221 211 213 212 214 219
16 216 223 217 213 209 214 211 215 208 222 210 218 221 219 212 220
16 210 223 213 209 215 216 214 212 217 220 219 218 222 221 211 208
16 210 222 219 215 223 209 214 221 220 208 213 211 212 217 216 218
16 211 215 216 214 213 223 220 219 212 222 208 218 221 210 209 217
16 210 213 222 223 209 211 221 219 216 217 220 212 214 208 218 215
16 210 212 215 211 222 217 219 208 214 218 223 216 220 209 221 213
16 219 213 222 221 211 223 218 216 210 215 209 220 217 208 212 214
16 216 209 215 223 208 220 219 218 221 212 214 213 210 211 217 222
16 218 223 219 213 212 220 211 217 214 209 221 216 215 208 210 222
16 208 214 213 216 223 219 209 215 212 220 218 221 211 217 222 210
16 222 217 210 213 220 214 218 208 209 221 212 215 211 216 219 223
