278
8
32
34
54
57
67
76
79
81
88
89
92
96
105
108
110
113
118
123
127
128
129
134
146
149
151
157
158
161
164
167
170
174
184
186
191
193
196
203
205
210
211
213
216
221
228
229
230
235
238
239
240
246
247
249
251
258
259
261
262
265
268
269
272
273
275
276
278
281
283
284
286
287
288
290
291
294
296
301
302
305
306
309
312
313
314
316
318
319
320
321
329
330
331
332
333
335
336
337
338
339
340
344
345
346
348
350
352
353
354
355
357
358
360
361
362
363
364
367
368
370
371
372
376
379
380
381
382
386
388
389
390
393
394
395
397
398
402
403
404
406
407
408
409
412
413
414
416
417
419
421
422
423
425
426
427
429
430
432
433
434
435
438
440
441
442
443
444
446
449
450
452
454
457
458
459
462
463
464
465
468
469
470
474
478
482
484
486
487
488
491
494
496
498
500
503
506
507
514
516
517
519
523
525
527
529
530
531
534
539
540
543
544
548
551
556
559
562
568
573
576
578
579
580
583
586
587
596
601
602
607
613
618
625
627
628
639
643
645
650
658
660
663
666
679
685
694
697
698
704
712
713
716
726
731
737
739
742
750
753
757
761
772
796
797
800
814
836
842
868
894
915
922
952
970
995
1005
1025
