251
12
32
53
68
96
115
129
147
164
192
208
239
254
275
293
311
333
348
363
380
408
431
442
468
492
504
526
543
574
597
603
627
642
661
694
712
727
754
778
786
801
825
859
869
886
904
937
955
968
996
1019
1039
1046
1071
1092
1111
1132
1141
1160
1199
1219
1223
1240
1266
1297
1305
1325
1348
1369
1393
1409
1432
1440
1469
1492
1501
1536
1553
1574
1584
1604
1632
1640
1661
1688
1712
1727
1741
1763
1787
1809
1820
1857
1870
1881
1910
1932
1955
1966
1997
2006
2035
2040
2070
2093
2106
2129
2155
2178
2190
2200
2237
2241
2279
2285
2317
2339
2346
2369
2399
2413
2425
2451
2469
2480
2513
2534
2550
2566
2582
2601
2638
2656
2677
2697
2708
2738
2745
2767
2796
2805
2830
2854
2872
2885
2919
2933
2942
2961
2985
3019
3022
3042
3075
3084
3108
3129
3141
3161
3193
3206
3224
3240
3266
3291
3302
3323
3344
3371
3388
3419
3431
3449
3471
3488
3508
3528
3548
3565
3581
3609
3625
3652
3677
3686
3709
3727
3743
3774
3794
3816
3826
3857
3872
3889
3903
3938
3946
3972
3986
4006
4020
4050
4061
4099
4102
4125
4152
4172
4192
4205
4231
4252
4273
4290
4305
4330
4357
4376
4388
4407
4436
4454
4474
4485
4513
4526
4550
4564
4581
4614
4624
4656
4665
4695
4711
4722
4742
4775
4797
4807
4839
4848
4879
4892
4914
4921
4945
4976
4980
5008
