18 10 3 170
18 25 33 30 31 19 34 32 21 35 24 29 22 18 23 26 28 27 20
18 29 18 25 34 32 27 19 24 23 30 26 31 21 20 35 22 33 28
18 27 34 21 24 20 30 19 28 18 32 35 33 22 26 29 31 25 23
18 21 19 25 27 29 35 26 24 33 34 30 20 22 31 18 23 28 32
18 28 25 18 21 34 20 30 23 32 24 29 26 35 22 19 33 27 31
18 31 24 20 30 22 25 29 27 19 34 32 33 28 18 35 26 23 21
18 25 33 22 26 29 34 18 20 28 31 23 19 21 24 32 30 27 35
18 23 18 30 27 21 24 28 32 25 19 20 31 29 35 34 33 26 22
18 35 26 31 33 34 27 19 29 20 21 25 18 28 22 24 32 23 30
17 23 22 26 25 30 21 35 24 31 20 19 18 27 32 34 33 29
18 19 24 18 35 30 33 23 31 21 25 34 20 28 27 32 29 26 22
18 31 21 23 19 30 35 29 26 28 25 27 33 22 34 18 32 20 24
18 33 18 20 30 19 23 22 34 21 35 26 29 25 31 28 24 27 32
18 28 24 34 27 19 18 32 21 23 20 29 22 30 25 26 35 31 33
18 32 27 21 19 31 23 29 18 28 26 34 35 33 24 30 22 20 25
18 28 34 27 29 35 18 30 22 32 21 19 33 24 20 25 23 31 26
18 27 23 26 20 19 32 21 24 28 25 18 35 30 33 34 31 22 29
17 33 26 22 27 28 31 35 23 19 18 32 25 34 29 24 30 21
18 47 43 50 36 38 46 51 39 45 49 44 40 41 53 48 37 42 52
18 40 45 38 46 50 47 52 42 43 49 37 36 41 53 44 39 48 51
18 45 43 47 46 49 38 42 41 48 52 51 37 40 53 39 44 36 50
18 37 41 39 40 48 44 42 45 47 43 51 53 38 50 49 46 36 52
18 50 39 53 37 46 42 43 49 51 52 44 36 45 40 41 48 47 38
18 42 46 45 38 44 41 51 40 39 52 50 43 53 36 49 37 48 47
18 45 41 38 43 44 47 40 52 37 49 39 50 48 53 46 36 42 51
17 48 52 36 44 39 43 41 38 51 50 37 46 40 45 53 47 49
18 53 36 52 47 42 50 51 49 40 39 37 38 45 41 46 43 48 44
18 37 40 45 42 52 41 43 47 46 39 51 38 36 49 48 44 53 50
18 36 43 48 44 46 49 37 52 47 42 50 53 51 45 40 41 39 38
17 37 53 42 43 40 45 52 47 50 44 48 51 38 39 49 46 41
18 47 49 37 44 48 46 38 42 36 39 41 43 51 53 50 40 52 45
18 38 51 42 39 49 48 40 50 36 47 45 53 41 46 43 52 37 44
18 43 49 47 40 44 42 52 50 53 51 45 41 37 46 38 36 48 39
18 48 45 39 47 37 38 43 49 50 40 41 36 42 51 46 44 53 52
18 51 50 38 40 47 44 46 39 43 37 41 52 42 49 36 53 48 45
18 38 45 37 39 43 48 40 49 51 52 41 46 50 53 42 44 47 36
18 68 69 61 59 58 62 55 71 60 56 63 65 54 70 66 67 57 64
18 59 64 67 66 70 69 58 54 56 60 62 63 68 65 55 61 71 57
18 57 66 61 62 59 67 69 54 58 64 55 71 68 56 63 60 70 65
18 54 67 69 59 61 58 68 70 64 71 57 56 55 63 62 65 60 66
17 68 69 54 57 71 58 56 62 61 55 60 70 67 63 65 59 66
18 71 57 55 69 61 65 58 63 59 68 64 67 54 60 62 56 66 70
18 71 56 69 63 60 68 54 59 66 62 57 67 64 65 58 61 55 70
18 71 67 66 60 62 69 58 64 57 55 63 68 59 56 61 65 70 54
18 70 68 62 66 69 67 65 63 71 61 55 58 56 60 64 54 59 57
18 54 71 62 64 63 68 55 69 65 58 56 70 60 61 67 57 66 59
18 55 63 67 60 65 62 64 56 59 54 68 71 70 57 69 58 66 61
18 61 60 54 63 55 64 56 58 65 70 68 57 71 62 67 59 66 69
18 66 58 54 64 67 69 60 57 55 70 63 59 61 71 62 56 68 65
18 68 71 64 67 66 65 55 70 56 69 58 59 57 63 60 54 61 62
18 70 64 54 71 59 55 67 65 57 68 58 56 63 60 69 66 61 62
18 56 59 67 58 71 54 57 61 68 64 66 55 60 69 63 65 62 70
18 60 67 69 68 63 57 56 59 64 66 65 58 54 61 62 71 55 70
18 55 56 68 63 65 54 70 64 66 59 69 58 57 62 71 61 67 60
18 88 77 80 82 76 89 84 87 79 72 86 85 73 81 75 83 78 74
18 77 87 88 72 80 86 79 73 89 74 81 85 82 76 75 83 78 84
18 87 73 84 83 86 89 80 77 75 79 74 88 72 85 78 81 82 76
18 87 75 81 82 77 76 83 74 72 86 85 78 73 84 80 88 89 79
18 89 86 88 78 74 82 84 75 79 76 87 73 80 72 77 81 85 83
17 79 73 87 85 89 77 80 84 83 82 75 76 86 81 78 72 88
17 75 85 81 74 82 84 86 73 89 76 79 88 83 77 87 80 78
18 89 77 86 83 74 76 75 88 72 79 84 87 82 81 78 85 73 80
17 84 86 76 75 87 77 78 85 83 73 72 74 81 89 80 88 79
18 82 75 76 72 87 88 81 86 83 79 77 80 74 73 84 85 78 89
18 79 84 75 74 73 82 76 86 78 80 72 77 88 81 89 83 85 87
18 79 81 82 87 89 85 72 76 73 83 80 77 78 88 75 84 74 86
18 78 83 87 89 77 82 74 86 84 79 80 81 72 75 76 73 88 85
18 76 77 83 72 81 75 78 86 74 80 87 85 82 84 79 73 89 88
18 77 80 73 72 83 78 75 84 74 79 86 82 87 89 85 76 81 88
18 76 88 81 89 77 82 85 79 84 78 80 86 72 73 83 74 87 75
18 77 85 82 75 84 89 79 78 74 76 81 72 80 86 83 87 73 88
18 79 78 81 86 84 77 83 82 85 87 72 76 75 89 74 80 73 88
18 102 106 97 94 90 91 95 101 93 103 99 107 105 98 100 104 92 96
18 100 105 102 98 95 93 106 91 104 99 103 107 94 92 97 96 101 90
18 104 91 101 107 93 105 102 94 98 96 92 97 99 103 106 100 90 95
18 102 99 94 107 103 104 90 98 106 91 101 100 105 95 92 96 93 97
18 104 105 107 92 103 97 99 95 106 101 93 100 96 90 94 102 91 98
18 107 103 100 101 99 90 104 106 93 92 96 97 95 98 102 94 105 91
18 100 107 97 92 106 105 91 103 95 104 99 94 101 93 98 90 102 96
17 94 99 105 107 104 100 96 97 103 92 90 106 93 101 95 91 102
18 103 92 105 96 104 91 107 94 100 99 90 102 98 93 106 101 95 97
18 106 91 90 103 98 99 96 93 94 105 92 100 95 102 101 97 104 107
18 92 104 99 103 93 90 106 98 100 102 94 97 107 101 105 96 95 91
18 96 103 104 92 91 106 90 101 95 99 94 98 100 107 102 97 105 93
18 96 91 107 105 100 106 94 101 99 104 103 92 102 93 95 98 90 97
18 95 101 102 94 90 104 103 92 99 91 100 106 93 107 96 98 105 97
18 92 99 91 101 94 95 103 90 98 102 105 107 100 96 104 106 97 93
18 92 95 90 106 98 97 104 103 107 101 91 96 102 93 99 105 94 100
18 96 103 107 105 104 95 98 101 92 100 91 90 106 102 99 93 97 94
18 106 98 102 99 104 92 97 95 94 101 93 90 100 105 96 91 103 107
18 121 124 123 117 116 115 108 110 125 118 113 109 111 120 122 114 112 119
18 120 114 112 122 117 124 125 110 119 111 118 113 123 116 108 121 109 115
18 124 113 112 122 110 121 125 123 114 115 108 109 117 111 118 116 119 120
18 110 116 111 120 123 109 124 114 117 122 125 108 121 112 119 118 115 113
18 121 120 113 118 125 112 111 116 115 122 123 117 108 114 119 109 124 110
18 116 121 123 125 118 109 124 114 122 111 110 120 108 115 117 113 119 112
18 112 121 124 116 117 123 113 125 108 122 120 115 110 118 111 109 119 114
18 112 119 117 111 125 122 114 113 116 118 115 123 108 124 121 110 120 109
18 117 125 111 114 123 118 122 109 116 113 124 110 121 115 112 120 119 108
18 125 109 124 110 121 117 115 112 120 116 122 111 108 114 118 119 123 113
18 119 124 112 113 125 117 108 118 120 122 115 121 110 116 111 123 114 109
18 110 122 121 112 113 124 118 119 108 123 120 116 114 125 117 109 115 111
18 123 125 120 108 112 116 110 117 121 122 115 124 114 109 118 119 111 113
18 109 114 121 124 111 108 112 125 119 117 115 123 122 116 110 118 113 120
18 123 109 108 124 110 113 115 112 121 116 119 125 114 117 120 118 111 122
17 113 110 118 115 111 116 112 109 119 121 114 124 117 108 120 123 122
18 110 117 115 119 113 111 121 123 122 109 124 112 120 114 108 118 116 125
18 124 114 119 109 115 116 113 110 120 121 112 118 125 123 117 108 111 122
18 143 138 133 137 127 130 139 134 126 141 129 128 135 140 142 136 132 131
18 143 134 130 127 136 131 135 129 128 133 142 139 140 126 137 138 141 132
17 128 143 137 140 127 134 131 129 141 133 126 132 138 136 142 135 130
18 135 133 137 134 128 142 139 143 132 126 129 127 140 130 141 138 136 131
18 126 136 143 132 135 142 131 127 137 140 138 139 134 128 129 133 141 130
18 128 143 142 140 137 134 135 129 138 131 139 133 136 132 126 141 130 127
18 135 138 143 133 142 129 131 126 128 141 132 134 137 130 136 139 140 127
18 139 135 126 130 143 128 131 141 140 142 133 127 136 134 129 137 138 132
18 136 126 130 137 140 128 142 133 143 141 135 127 138 139 131 129 132 134
18 137 126 140 131 136 139 138 134 142 127 133 129 128 141 143 132 130 135
18 135 126 134 141 137 139 143 140 138 127 130 131 133 136 129 132 128 142
18 143 133 128 134 126 139 142 141 129 130 132 138 131 135 137 140 127 136
18 137 134 130 126 140 131 129 138 127 141 142 136 133 135 132 128 143 139
18 134 142 139 129 127 136 130 140 141 143 133 132 131 137 126 135 138 128
18 138 134 126 131 129 140 135 130 132 141 142 136 128 139 137 143 133 127
18 132 130 138 139 136 142 137 129 133 140 134 127 143 141 126 135 131 128
18 131 130 137 140 126 129 141 139 133 128 135 127 134 138 143 132 136 142
18 126 142 128 143 139 127 141 129 134 138 136 135 133 131 132 137 130 140
17 153 161 145 157 160 155 152 156 151 144 148 146 147 149 150 158 154
18 157 160 156 153 144 152 150 146 159 145 161 147 155 151 154 158 149 148
17 150 154 144 160 158 149 147 157 155 152 153 161 148 146 159 151 145
18 156 154 158 147 157 148 161 152 155 151 145 150 146 153 159 160 144 149
18 151 148 156 158 153 161 159 146 154 149 160 155 150 157 145 147 152 144
18 144 159 148 160 149 155 156 151 157 154 150 146 158 147 161 145 153 152
18 158 155 154 146 150 156 157 147 151 148 152 145 149 153 144 161 160 159
18 158 150 148 160 144 161 157 146 155 151 156 149 145 153 152 159 154 147
18 155 149 148 151 144 156 147 145 152 150 161 146 160 158 157 159 154 153
18 152 158 151 156 161 147 144 153 157 145 159 160 148 154 146 150 155 149
18 147 154 158 152 151 150 144 157 155 156 153 160 159 149 148 145 161 146
18 154 147 145 153 156 152 146 160 148 161 144 159 151 157 149 155 150 158
18 146 149 156 159 155 151 150 144 152 160 148 147 161 157 154 153 158 145
17 147 152 154 160 151 145 159 144 155 149 146 161 150 156 148 153 157
18 147 159 154 144 149 152 157 145 153 155 158 161 151 150 148 160 156 146
18 148 147 149 154 158 159 155 160 156 161 144 150 157 146 151 153 152 145
18 160 150 147 161 144 145 159 153 158 149 157 148 156 152 151 146 155 154
18 153 161 144 160 155 157 159 145 156 152 151 154 148 158 149 146 147 150
18 178 175 167 166 177 174 162 171 179 169 176 163 170 172 165 173 168 164
18 170 162 177 169 179 173 178 171 168 175 164 167 165 174 166 176 172 163
18 177 165 169 176 171 172 178 174 166 175 163 173 170 162 164 168 167 179
18 171 177 162 163 175 165 172 169 164 170 176 168 174 179 178 166 173 167
18 174 165 178 173 175 168 172 167 171 170 163 164 179 169 166 176 162 177
18 167 169 174 171 164 175 166 163 162 168 170 177 165 173 176 179 178 172
18 178 179 170 168 177 171 167 176 162 175 173 164 163 172 165 169 174 166
18 169 167 163 171 175 170 179 168 177 173 178 174 164 176 166 162 165 172
18 163 179 170 178 175 162 166 164 174 171 172 176 177 173 165 167 168 169
18 179 171 176 173 174 177 170 175 162 178 168 172 167 169 166 164 163 165
18 172 175 178 163 164 179 169 170 176 165 171 174 167 173 166 162 168 177
18 166 165 164 175 176 174 170 173 162 172 163 168 178 179 167 171 169 177
18 162 166 164 170 172 168 165 163 173 175 176 169 171 174 177 178 179 167
18 173 168 172 163 162 171 174 176 178 165 177 164 166 175 167 179 170 169
17 168 175 178 163 179 169 167 165 162 174 164 173 166 170 172 171 176
18 168 174 178 173 165 162 166 176 175 171 163 177 169 172 179 164 167 170
18 178 171 165 179 173 172 164 167 162 163 174 166 176 175 168 170 169 177
18 162 172 177 173 169 168 166 171 178 165 170 176 167 179 164 163 175 174
