20 200 10 3986
2 22 35
1 24
1 35
1 23
1 30
2 23 32
2 36 33
1 20
1 38
2 34 27
1 29
1 36
3 21 20 24
1 28
2 33 25
1 26
1 37
1 39
1 31
2 39 27
1 55
1 40
1 48
1 42
1 41
1 47
1 58
2 51 58
1 52
1 57
1 46
1 43
1 59
1 56
1 54
1 50
1 45
2 44 53
1 49
1 44
1 78
1 77
1 60
1 70
1 63
1 73
1 69
1 74
1 64
2 71 61
2 75 76
1 76
1 68
1 72
1 61
1 67
2 79 72
1 65
1 62
1 66
1 90
1 91
2 99 80
1 92
1 97
1 81
1 99
1 84
1 96
2 98 94
1 83
1 82
1 87
1 85
1 86
1 93
1 88
1 89
1 95
1 94
1 104
2 100 116
1 110
1 119
2 102 110
1 103
2 118 107
2 113 109
1 108
1 109
1 105
1 112
1 116
1 117
2 114 115
1 114
1 107
1 101
1 111
2 106 109
1 139
3 135 137 122
1 134
1 132
1 125
1 124
1 130
1 127
1 136
1 128
1 129
1 133
2 121 125
1 131
1 122
1 123
1 120
1 138
1 137
1 126
2 156 151
1 144
2 159 145
1 153
1 157
2 146 152
1 154
1 155
1 143
1 140
2 147 157
1 158
2 149 156
1 146
1 150
1 151
2 143 148
1 142
2 145 155
1 141
1 171
1 160
2 175 164
2 170 171
1 165
1 161
1 162
1 176
1 179
1 178
1 169
1 163
2 173 176
1 167
1 174
1 177
1 172
1 166
1 175
1 168
1 191
1 186
1 182
1 194
1 192
1 196
2 197 180
1 187
1 193
1 188
1 195
2 189 180
1 184
1 183
1 198
1 190
1 199
1 185
1 181
1 189
1 208
1 218
1 206
1 216
1 204
1 209
3 205 214 203
1 201
1 215
1 219
1 217
1 213
1 210
2 203 204
1 205
1 200
1 212
2 211 214
1 207
1 202
1 229
1 235
1 224
1 233
1 227
3 236 226 228
1 238
1 239
1 225
1 230
1 223
1 237
1 232
1 231
1 221
2 221 226
1 220
1 234
1 222
1 228
1 248
1 251
2 250 257
2 259 247
1 244
1 254
1 258
1 255
1 253
1 252
1 242
2 256 250
1 240
2 243 249
1 250
1 245
1 246
1 259
1 241
1 249
2 269 268
1 278
1 264
1 271
2 265 273
1 260
1 275
3 276 267 278
1 277
2 274 260
1 272
1 279
2 268 263
1 265
2 277 262
1 261
2 271 270
1 268
1 266
1 276
1 290
2 294 286
1 288
1 283
1 281
1 285
1 289
1 280
1 295
2 286 296
2 282 292
1 292
1 293
1 299
1 291
1 287
1 284
1 298
2 297 287
1 296
1 302
2 306 311
1 318
2 312 313
1 310
1 301
2 314 307
1 313
1 308
3 305 303 300
1 311
1 317
1 300
1 316
1 309
1 305
1 315
1 304
1 319
1 314
1 333
2 324 326
1 324
1 331
1 338
1 335
1 321
2 328 331
1 334
2 339 323
1 337
1 320
2 331 327
1 323
1 332
1 325
1 336
1 329
1 330
2 322 339
1 346
1 352
1 344
1 357
1 345
1 353
1 340
1 354
1 356
1 341
1 358
2 355 343
1 343
1 348
1 351
1 350
2 355 359
1 347
1 349
1 342
1 362
2 367 366
1 366
1 368
1 375
1 372
1 378
1 371
1 364
2 378 377
2 363 368
1 370
1 376
4 377 364 379 369
2 379 360
1 369
1 374
1 373
1 365
2 361 379
1 395
3 381 387 397
1 399
1 382
1 383
2 392 389
1 390
1 386
1 391
2 380 390
1 394
1 392
1 388
2 389 384
1 393
1 381
1 396
1 398
1 385
2 380 397
2 409 419
1 402
1 407
1 401
1 408
1 416
1 418
1 405
2 402 410
1 404
1 417
1 406
1 412
2 406 409
1 411
1 403
1 415
1 400
1 414
1 413
1 432
1 422
2 431 423
1 434
1 425
1 427
2 430 438
2 435 439
1 426
1 421
1 437
2 424 423
1 424
1 428
2 420 423
3 429 437 430
1 433
1 429
1 436
1 439
1 446
1 449
1 451
1 457
1 453
1 452
1 441
2 456 455
2 441 445
1 443
2 454 442
1 456
1 450
1 448
1 454
1 459
1 447
1 458
2 450 440
1 444
1 463
1 472
1 467
1 462
1 460
1 469
1 478
1 464
1 461
1 471
1 465
1 474
1 468
1 479
1 477
1 466
1 470
1 476
1 473
1 475
2 486 498
1 489
1 484
1 496
2 490 487
1 485
1 486
1 493
3 486 482 490
1 497
1 492
1 483
2 480 497
2 499 483
2 490 495
1 488
1 495
1 491
1 481
1 494
1 509
1 516
1 511
1 513
1 500
1 518
1 514
1 504
1 507
2 518 515
1 505
2 506 502
2 503 501
1 519
2 512 519
1 508
1 506
1 503
1 510
3 502 517 506
2 524 534
1 523
1 536
1 535
1 533
1 527
1 526
1 520
1 524
1 525
1 538
1 537
2 530 528
3 535 537 530
1 529
1 532
1 521
1 539
1 531
1 522
2 559 558
2 544 548
2 546 545
1 550
1 553
1 540
1 548
1 555
1 551
2 552 541
1 558
2 556 545
1 541
2 558 546
1 554
3 549 547 552
2 540 543
1 542
2 540 557
1 549
1 561
1 562
2 563 567
2 568 572
1 570
1 567
1 571
1 566
3 560 565 577
2 569 570
2 565 569
1 573
2 568 574
1 564
2 576 567
2 576 568
1 578
2 562 575
1 577
1 579
1 587
1 594
1 599
1 584
3 593 585 584
1 583
1 591
1 596
1 588
1 586
2 598 590
1 598
1 592
2 581 592
1 580
1 595
1 589
1 582
2 594 597
1 593
1 608
1 604
2 601 609
2 607 613
1 602
1 614
1 612
1 607
1 616
1 605
1 611
1 615
1 619
1 617
1 603
1 601
1 606
1 600
1 618
1 610
2 626 634
1 629
2 625 637
1 628
2 635 630
2 621 620
1 638
1 634
2 631 621
1 636
1 632
1 637
1 639
2 629 623
1 630
1 627
1 624
1 621
1 622
2 633 637
1 648
1 651
1 649
1 645
2 649 655
1 652
1 656
1 650
1 657
1 640
1 647
2 654 655
1 659
1 658
1 642
1 643
1 646
1 641
1 653
1 644
1 667
1 663
1 671
1 672
1 666
1 674
2 674 679
1 677
1 675
1 678
2 660 673
2 669 663
1 664
1 670
2 665 662
1 661
1 660
1 668
1 676
1 665
1 689
1 684
1 696
1 680
1 688
1 698
1 683
1 681
1 682
1 695
1 686
1 693
1 685
2 690 699
1 697
1 687
2 690 697
2 692 687
2 688 694
1 691
1 719
1 714
1 717
1 711
1 703
1 713
1 715
2 705 708
1 712
1 710
1 700
1 702
1 709
1 706
1 701
1 707
1 704
1 718
1 705
1 716
1 734
1 735
1 723
1 721
1 722
3 737 727 729
1 733
1 736
1 729
1 726
1 720
1 731
2 723 732
1 739
1 725
1 728
1 724
1 730
2 738 739
1 727
2 751 753
1 759
1 756
1 753
1 742
1 743
2 741 755
1 754
1 758
2 754 752
2 751 747
3 754 749 745
2 746 757
2 757 742
1 750
1 748
1 740
1 744
2 747 755
1 745
1 766
1 774
1 769
1 768
1 767
1 762
1 777
1 761
1 778
1 765
1 770
1 763
1 772
1 776
1 771
1 779
2 773 779
1 764
1 760
1 775
2 784 787
1 798
1 793
1 799
1 789
1 795
2 797 796
2 791 790
1 780
2 796 787
1 786
1 792
2 791 786
3 794 781 793
1 796
2 793 783
1 794
2 788 799
1 785
1 782
1 802
2 800 816
1 807
1 816
1 817
3 811 818 807
1 809
1 812
1 815
1 803
1 810
1 804
2 806 818
2 801 810
1 808
1 819
1 813
1 805
2 814 806
1 818
1 833
1 835
1 828
1 821
1 830
3 822 827 823
2 826 823
2 832 827
1 831
1 820
1 836
1 823
1 829
1 832
2 839 833
1 837
1 838
1 825
2 831 834
1 824
2 859 843
2 847 841
1 852
2 859 844
1 840
1 850
1 858
1 849
1 859
1 845
1 856
1 846
2 847 843
1 854
1 848
1 842
1 857
1 855
1 853
1 851
1 862
1 867
1 874
1 866
2 876 868
1 872
1 870
1 860
1 861
1 865
1 871
2 877 879
1 863
1 876
1 878
1 879
1 875
1 873
1 864
1 869
2 896 880
1 891
2 892 888
2 882 888
1 884
1 894
1 881
2 898 899
2 893 887
1 890
2 893 887
2 885 899
1 886
1 898
2 888 887
1 883
1 897
1 895
2 887 896
1 889
1 902
1 913
1 905
1 911
1 912
1 901
1 916
1 900
1 914
1 907
1 918
1 903
1 908
1 910
2 904 916
1 909
1 919
2 906 900
1 917
1 915
1 933
1 925
1 939
1 927
1 937
1 938
1 924
1 929
1 935
1 936
1 931
1 921
2 934 930
1 920
1 928
1 922
1 926
2 936 932
2 923 928
1 930
1 940
1 959
2 952 949
1 948
2 945 951
3 956 943 957
1 955
1 957
1 946
1 944
1 947
1 949
1 943
1 953
1 945
1 942
2 952 958
1 954
1 941
1 950
1 960
1 963
1 977
1 961
2 967 962
1 975
1 972
1 971
2 969 974
2 962 965
2 964 977
1 970
1 966
1 965
1 968
1 974
1 978
1 979
2 976 967
1 973
2 987 996
1 988
1 992
2 983 990
1 990
1 985
2 991 998
1 987
1 993
1 998
1 982
2 988 986
1 980
1 984
1 994
2 982 981
2 989 991
1 997
1 999
1 995
1 1011
1 1010
1 1012
1 1002
1 1015
1 1018
1 1001
2 1014 1016
1 1004
1 1006
1 1007
2 1007 1013
1 1000
2 1018 1008
2 1007 1017
1 1009
1 1005
2 1019 1012
1 1014
1 1003
1 1035
1 1020
1 1031
1 1030
1 1034
1 1027
2 1029 1021
2 1024 1028
2 1038 1023
1 1029
1 1039
1 1036
2 1026 1023
1 1022
2 1037 1031
1 1032
1 1025
1 1033
1 1028
2 1031 1026
1 1047
2 1058 1041
1 1057
1 1050
1 1042
2 1058 1044
2 1058 1056
1 1046
1 1054
1 1056
2 1051 1055
2 1049 1043
1 1045
1 1049
1 1059
1 1048
1 1051
2 1040 1048
1 1053
1 1052
1 1075
1 1067
1 1077
2 1062 1076
1 1071
1 1065
1 1066
1 1078
1 1064
1 1079
1 1060
1 1072
1 1068
1 1070
2 1074 1078
1 1063
1 1073
2 1062 1072
1 1069
1 1061
1 1093
1 1095
2 1094 1091
1 1085
1 1096
1 1099
1 1097
1 1089
1 1092
1 1094
1 1082
1 1098
2 1094 1083
1 1080
2 1082 1084
1 1088
1 1086
1 1081
1 1087
1 1090
2 1101 1116
1 1104
2 1106 1111
1 1111
2 1104 1108
1 1107
2 1114 1109
1 1114
1 1117
1 1102
1 1116
1 1112
2 1112 1113
1 1115
1 1119
1 1100
1 1110
1 1103
1 1105
2 1118 1117
1 1121
2 1131 1136
1 1133
1 1126
1 1125
2 1130 1137
1 1131
3 1139 1123 1136
1 1132
1 1124
1 1135
1 1127
1 1120
1 1122
2 1130 1137
1 1134
3 1123 1137 1131
1 1138
1 1128
1 1129
1 1141
1 1150
1 1157
1 1146
1 1154
1 1143
1 1145
1 1158
1 1142
2 1158 1140
3 1140 1142 1153
1 1148
1 1155
1 1144
1 1151
1 1149
1 1152
1 1156
1 1159
2 1147 1151
2 1174 1173
1 1160
2 1161 1176
1 1175
1 1170
1 1166
1 1161
1 1167
1 1171
1 1179
1 1168
1 1169
3 1172 1177 1162
2 1173 1161
1 1162
1 1164
2 1165 1163
2 1172 1170
3 1173 1178 1161
1 1163
1 1196
2 1192 1189
1 1188
1 1198
2 1199 1192
1 1193
2 1190 1181
1 1182
1 1190
1 1195
1 1187
1 1191
1 1186
1 1184
1 1185
2 1183 1190
1 1180
2 1181 1192
2 1185 1197
2 1195 1194
1 1207
2 1200 1215
1 1209
3 1210 1217 1208
1 1204
1 1202
1 1203
3 1209 1202 1213
1 1208
1 1201
1 1205
1 1219
2 1206 1219
1 1212
1 1211
1 1217
1 1216
1 1200
1 1218
1 1214
2 1226 1234
2 1233 1222
1 1230
1 1234
2 1221 1238
1 1220
1 1232
1 1231
1 1221
1 1225
1 1235
1 1229
1 1236
1 1228
1 1237
1 1224
1 1223
1 1239
1 1227
1 1222
1 1241
2 1258 1248
1 1252
1 1240
1 1254
1 1256
1 1243
1 1246
1 1244
2 1246 1249
1 1259
1 1245
1 1242
1 1253
1 1257
2 1254 1251
2 1252 1247
1 1250
3 1253 1241 1255
1 1248
1 1273
2 1261 1263
2 1275 1271
1 1275
1 1266
1 1265
1 1269
1 1261
1 1267
1 1272
1 1262
1 1268
1 1274
1 1279
1 1260
1 1264
1 1278
1 1276
1 1270
1 1277
1 1297
1 1295
1 1290
2 1294 1284
2 1298 1280
1 1296
1 1298
1 1293
1 1299
1 1283
1 1289
1 1291
1 1282
1 1294
1 1286
1 1287
1 1288
1 1281
1 1285
1 1292
1 1303
1 1307
1 1312
1 1314
1 1302
2 1302 1305
1 1306
1 1319
1 1309
2 1313 1303
1 1310
1 1300
1 1315
2 1306 1301
1 1317
1 1318
1 1311
2 1308 1307
1 1304
1 1316
1 1321
1 1328
1 1327
2 1336 1330
1 1326
2 1338 1339
1 1325
1 1324
1 1320
1 1331
2 1332 1328
1 1322
1 1334
2 1333 1330
3 1330 1336 1323
1 1338
2 1323 1337
1 1337
2 1336 1329
2 1335 1325
1 1357
1 1352
1 1356
1 1345
2 1353 1358
1 1346
1 1348
1 1351
1 1342
1 1350
1 1359
2 1343 1358
1 1344
1 1341
1 1340
1 1355
1 1358
3 1351 1350 1349
1 1354
2 1350 1347
1 1368
1 1379
1 1362
1 1376
2 1360 1373
1 1369
1 1372
1 1378
2 1377 1361
1 1370
1 1367
1 1373
1 1366
2 1365 1370
2 1365 1374
1 1375
1 1364
1 1371
1 1363
1 1361
1 1394
2 1396 1383
1 1386
2 1380 1387
1 1388
1 1389
1 1390
1 1396
1 1385
1 1381
2 1399 1387
1 1398
1 1397
1 1384
1 1391
1 1392
2 1397 1382
1 1395
1 1393
3 1387 1380 1397
1 1403
1 1418
1 1419
1 1402
1 1400
1 1411
1 1412
1 1405
1 1404
2 1410 1402
2 1414 1416
1 1415
1 1413
1 1416
2 1409 1408
2 1409 1418
1 1401
1 1407
1 1406
2 1404 1417
1 1432
1 1430
2 1429 1433
1 1424
1 1429
1 1421
1 1431
1 1439
1 1437
1 1423
2 1437 1438
1 1425
3 1430 1436 1428
1 1422
1 1426
1 1434
1 1428
1 1435
1 1427
1 1420
1 1459
1 1457
2 1446 1447
2 1454 1446
1 1452
1 1455
1 1448
1 1446
1 1442
1 1440
2 1441 1444
1 1443
2 1456 1457
1 1451
1 1450
1 1444
1 1449
2 1458 1449
1 1445
1 1453
1 1478
1 1461
2 1476 1464
1 1476
2 1473 1472
2 1475 1468
1 1466
2 1477 1465
2 1467 1462
3 1460 1461 1479
1 1471
1 1477
1 1472
2 1475 1470
2 1472 1468
1 1474
1 1479
1 1462
1 1469
1 1463
1 1486
2 1483 1492
1 1498
1 1493
1 1488
1 1491
1 1487
2 1485 1483
1 1489
2 1481 1490
3 1496 1497 1488
1 1483
1 1480
1 1484
2 1491 1495
1 1499
2 1481 1496
1 1490
1 1494
1 1482
1 1516
1 1506
1 1512
1 1505
1 1515
3 1507 1504 1503
1 1518
2 1507 1510
1 1517
2 1507 1501
1 1507
1 1519
1 1509
1 1513
1 1514
1 1504
1 1508
2 1515 1500
1 1502
1 1511
1 1525
2 1535 1533
1 1523
1 1528
3 1520 1522 1536
1 1534
1 1537
1 1529
1 1532
1 1524
1 1538
1 1533
1 1527
1 1531
1 1520
2 1522 1521
1 1530
2 1530 1539
1 1522
1 1526
2 1541 1548
2 1550 1545
1 1555
1 1557
1 1556
1 1540
1 1554
1 1549
1 1551
1 1553
1 1544
1 1546
1 1545
1 1552
2 1558 1556
1 1548
1 1547
1 1542
2 1543 1544
2 1559 1558
2 1570 1562
1 1568
1 1574
1 1579
1 1563
1 1572
1 1576
3 1577 1569 1564
1 1578
1 1571
1 1573
1 1569
1 1565
1 1567
1 1560
1 1561
3 1561 1570 1574
2 1571 1564
2 1573 1575
1 1566
1 1596
1 1599
1 1589
1 1590
2 1586 1588
1 1595
1 1587
1 1580
2 1592 1581
1 1584
1 1594
2 1598 1587
2 1582 1585
1 1593
2 1586 1595
2 1590 1582
1 1581
1 1583
1 1597
1 1591
1 1618
1 1604
1 1603
1 1609
1 1602
1 1614
3 1605 1615 1604
1 1608
1 1611
1 1601
2 1619 1617
1 1612
1 1617
2 1610 1600
1 1616
1 1606
1 1610
1 1613
1 1607
1 1615
2 1639 1620
1 1633
2 1631 1624
2 1639 1637
2 1629 1634
2 1627 1630
1 1623
1 1622
2 1621 1620
1 1635
1 1639
1 1638
1 1630
2 1634 1629
1 1624
2 1625 1637
1 1632
1 1626
1 1636
1 1628
1 1657
1 1655
1 1640
2 1643 1644
1 1653
2 1642 1647
2 1643 1647
1 1658
1 1645
2 1659 1651
1 1641
1 1648
2 1658 1649
2 1650 1659
2 1648 1656
1 1646
1 1647
1 1652
1 1650
1 1654
1 1668
2 1673 1672
1 1670
2 1667 1679
1 1664
2 1672 1676
1 1675
1 1674
1 1662
1 1672
2 1678 1663
1 1661
1 1671
1 1677
1 1665
3 1679 1660 1667
1 1666
1 1667
1 1669
2 1672 1678
2 1688 1698
1 1685
1 1687
2 1681 1695
1 1693
1 1682
1 1691
1 1686
1 1689
1 1680
1 1699
1 1694
1 1692
1 1683
1 1688
2 1696 1697
2 1682 1690
1 1697
2 1684 1682
2 1690 1681
1 1703
2 1711 1705
1 1708
1 1718
2 1706 1710
1 1700
1 1715
1 1709
1 1701
1 1704
2 1712 1702
1 1710
1 1714
1 1713
1 1716
1 1705
1 1719
1 1717
2 1712 1707
2 1702 1718
2 1727 1726
1 1729
2 1729 1733
2 1722 1725
1 1730
1 1734
1 1732
1 1737
1 1720
1 1738
1 1731
1 1736
2 1723 1721
1 1739
1 1728
1 1723
1 1735
1 1724
1 1727
1 1725
2 1740 1744
1 1751
1 1753
1 1759
1 1749
1 1752
1 1756
1 1742
1 1750
2 1754 1743
1 1755
2 1741 1746
1 1745
1 1758
1 1741
1 1757
2 1753 1747
1 1744
2 1743 1742
1 1748
1 1771
1 1767
1 1764
1 1760
1 1763
2 1775 1762
1 1773
1 1777
1 1776
2 1772 1765
1 1769
1 1774
2 1760 1762
2 1760 1778
4 1767 1766 1760 1776
2 1766 1770
1 1772
1 1779
1 1768
1 1761
1 1790
1 1796
1 1797
1 1784
1 1791
2 1787 1793
1 1786
1 1785
1 1799
1 1783
2 1793 1792
3 1792 1783 1795
1 1794
1 1798
1 1780
2 1786 1781
1 1788
1 1789
1 1792
2 1786 1782
1 1807
1 1804
2 1812 1811
2 1819 1810
2 1800 1806
1 1813
1 1803
1 1812
1 1815
1 1819
1 1818
3 1800 1816 1819
1 1817
1 1802
1 1805
2 1809 1819
1 1801
1 1800
1 1814
1 1808
1 1829
1 1820
1 1838
1 1837
1 1824
2 1825 1827
1 1828
1 1827
1 1830
1 1831
1 1832
1 1823
2 1834 1821
1 1836
1 1833
2 1837 1835
1 1821
2 1824 1839
2 1822 1833
2 1832 1826
1 1855
1 1858
1 1847
1 1852
1 1848
1 1853
1 1845
1 1851
1 1846
1 1857
2 1840 1851
1 1859
1 1850
1 1854
1 1843
1 1844
1 1849
1 1841
2 1845 1856
1 1842
2 1868 1874
3 1876 1860 1872
1 1867
2 1861 1862
1 1864
1 1871
1 1863
2 1863 1877
2 1870 1868
1 1862
1 1865
1 1875
1 1873
1 1876
1 1870
1 1872
1 1869
1 1878
1 1866
2 1873 1879
1 1893
1 1894
1 1883
2 1889 1887
1 1888
1 1895
1 1891
2 1884 1899
1 1881
1 1882
3 1881 1885 1897
2 1887 1880
1 1892
1 1885
1 1898
2 1890 1896
1 1880
1 1884
1 1890
3 1888 1891 1886
1 1919
1 1904
1 1900
1 1911
1 1907
2 1918 1911
1 1910
3 1901 1915 1902
2 1908 1912
1 1905
1 1909
1 1906
1 1913
2 1902 1915
2 1916 1908
2 1919 1917
1 1914
1 1912
1 1902
1 1903
1 1934
1 1925
1 1923
1 1930
1 1937
2 1936 1938
1 1931
1 1922
2 1937 1924
1 1928
1 1927
1 1929
1 1935
2 1931 1921
1 1938
2 1937 1926
1 1933
2 1939 1926
2 1933 1932
1 1920
1 1946
2 1955 1951
1 1950
1 1948
1 1951
1 1959
2 1949 1942
1 1944
1 1953
1 1941
1 1945
2 1952 1956
3 1950 1943 1954
2 1959 1957
1 1940
1 1942
1 1958
1 1956
1 1954
1 1947
1 1978
1 1966
2 1973 1963
2 1979 1961
1 1965
1 1971
1 1969
1 1968
1 1964
1 1970
1 1963
1 1961
2 1969 1967
2 1975 1976
1 1960
1 1962
1 1972
2 1972 1977
2 1973 1974
1 1975
1 1996
1 1982
1 1994
1 1983
1 1993
1 1987
1 1991
1 1986
1 1992
1 1981
1 1999
2 1985 1990
2 1995 1985
1 1988
2 1988 1998
1 1984
1 1997
1 1990
2 1985 1989
1 1980
1 2007
1 2009
1 2013
1 2019
1 2017
1 2000
1 2010
1 2006
1 2014
1 2018
1 2003
1 2001
1 2005
1 2012
1 2015
1 2004
1 2008
1 2002
1 2011
1 2016
1 2033
2 2032 2025
1 2028
1 2026
1 2022
1 2031
1 2023
1 2039
1 2037
1 2038
1 2024
1 2034
1 2036
1 2025
1 2029
1 2027
1 2021
1 2020
1 2030
1 2035
2 2050 2051
1 2053
3 2042 2050 2049
1 2052
1 2045
1 2043
1 2041
1 2054
2 2058 2056
1 2055
1 2040
1 2051
2 2049 2041
2 2052 2058
1 2057
1 2047
1 2044
2 2059 2058
1 2046
2 2041 2048
1 2078
1 2064
2 2063 2074
1 2071
1 2076
3 2062 2076 2065
1 2063
1 2069
2 2062 2077
1 2070
3 2066 2064 2060
1 2072
1 2061
1 2079
1 2075
1 2067
1 2066
1 2073
1 2068
1 2065
1 2093
1 2087
1 2081
1 2095
3 2081 2093 2085
1 2084
1 2090
1 2091
1 2082
1 2096
1 2097
1 2099
1 2089
1 2080
1 2088
1 2094
1 2086
3 2083 2098 2095
1 2092
1 2098
1 2117
1 2101
1 2110
1 2112
1 2102
1 2108
1 2115
1 2105
1 2107
1 2116
1 2103
1 2104
1 2111
1 2106
1 2100
2 2109 2106
1 2119
1 2114
2 2112 2113
1 2118
1 2125
1 2133
1 2136
1 2127
1 2124
2 2122 2134
1 2126
1 2139
1 2131
1 2120
1 2130
2 2121 2135
1 2121
2 2129 2135
1 2122
1 2128
1 2137
1 2123
1 2138
1 2132
1 2146
2 2156 2148
2 2153 2157
1 2158
1 2141
2 2152 2155
1 2140
3 2154 2152 2145
1 2142
2 2149 2150
1 2143
2 2154 2155
2 2151 2148
1 2151
1 2145
1 2159
1 2153
1 2150
1 2144
1 2147
1 2166
1 2169
1 2178
1 2171
2 2163 2172
1 2179
1 2176
1 2164
1 2165
1 2168
2 2173 2166
1 2167
1 2177
2 2162 2174
1 2170
2 2177 2161
1 2175
1 2160
1 2174
1 2163
2 2190 2195
2 2180 2183
1 2191
1 2187
2 2199 2188
2 2191 2183
1 2196
1 2182
1 2194
2 2185 2188
1 2189
2 2181 2182
1 2197
1 2193
2 2183 2192
1 2198
1 2190
2 2186 2199
1 2199
1 2184
2 2214 2208
2 2218 2216
1 2216
1 2209
2 2201 2204
3 2219 2212 2207
1 2202
1 2211
1 2217
1 2203
1 2206
3 2207 2214 2215
1 2207
2 2201 2213
2 2205 2218
2 2208 2215
1 2200
1 2201
2 2206 2210
1 2219
1 2230
3 2225 2229 2238
1 2231
1 2228
1 2226
1 2236
1 2222
1 2233
1 2235
2 2220 2225
1 2239
1 2221
1 2224
2 2239 2223
1 2238
1 2234
2 2231 2232
1 2227
1 2225
2 2237 2225
1 2242
2 2257 2240
2 2257 2254
1 2247
2 2256 2255
2 2259 2243
2 2252 2243
1 2251
1 2246
2 2248 2255
2 2248 2255
1 2253
1 2250
1 2249
1 2244
1 2240
1 2245
1 2241
1 2258
1 2243
1 2270
1 2276
1 2279
1 2268
1 2272
1 2275
1 2271
1 2260
1 2277
2 2260 2267
1 2269
1 2265
1 2262
2 2262 2273
1 2278
1 2263
1 2274
2 2263 2264
1 2261
1 2266
1 2294
1 2296
1 2289
1 2293
1 2297
2 2283 2281
2 2286 2289
1 2287
1 2295
1 2288
1 2281
1 2292
1 2284
1 2298
1 2299
1 2280
1 2291
1 2290
1 2282
1 2285
1 2306
1 2316
3 2314 2317 2304
1 2317
1 2313
1 2305
1 2312
2 2302 2304
1 2308
1 2310
1 2309
1 2318
1 2319
1 2301
1 2303
1 2311
1 2314
1 2300
2 2303 2307
1 2315
1 2326
1 2334
2 2339 2334
1 2325
1 2337
3 2326 2334 2336
1 2322
2 2332 2335
1 2327
1 2330
1 2320
1 2328
1 2321
2 2323 2337
1 2335
1 2329
1 2338
2 2326 2324
1 2333
2 2331 2334
1 2346
1 2343
2 2358 2356
1 2350
1 2344
1 2358
1 2340
1 2341
1 2355
3 2357 2347 2354
1 2342
1 2345
1 2351
3 2354 2346 2352
1 2348
2 2356 2359
1 2349
1 2347
1 2353
1 2352
2 2378 2374
1 2366
1 2375
2 2377 2369
1 2378
1 2361
1 2362
1 2368
1 2377
1 2372
1 2363
2 2369 2370
2 2364 2375
1 2373
1 2379
1 2371
1 2365
2 2374 2376
2 2360 2369
1 2367
1 2389
1 2386
1 2392
1 2380
1 2398
1 2390
1 2384
1 2399
1 2395
2 2388 2399
1 2383
1 2396
2 2392 2381
1 2385
1 2393
1 2382
2 2395 2394
2 2392 2387
2 2397 2399
1 2391
1 2417
1 2415
3 2410 2417 2413
1 2414
1 2412
1 2402
3 2401 2408 2404
1 2401
1 2406
1 2410
1 2418
1 2416
1 2411
1 2403
2 2408 2407
1 2419
1 2400
1 2405
1 2409
2 2407 2410
1 2431
2 2422 2435
2 2421 2438
1 2427
1 2430
1 2428
2 2429 2433
3 2434 2435 2432
1 2423
2 2432 2436
2 2434 2436
2 2437 2427
1 2435
1 2421
1 2424
1 2420
1 2433
1 2426
2 2425 2435
2 2428 2439
2 2458 2453
1 2455
2 2459 2458
1 2444
1 2451
2 2446 2447
1 2458
1 2447
1 2452
1 2450
1 2442
1 2441
1 2448
1 2456
1 2445
1 2449
2 2457 2444
5 2447 2455 2451 2448 2454
2 2446 2440
2 2446 2443
1 2478
1 2479
1 2465
1 2469
1 2462
1 2461
1 2476
1 2473
1 2467
3 2471 2462 2476
1 2474
2 2463 2475
1 2464
1 2477
1 2466
2 2463 2466
1 2460
1 2470
1 2468
1 2472
1 2484
1 2491
1 2497
1 2494
1 2498
1 2487
1 2482
1 2495
1 2481
1 2489
1 2488
1 2483
2 2492 2494
1 2493
1 2499
2 2480 2486
1 2485
1 2490
3 2493 2496 2488
1 2480
1 2505
3 2513 2516 2511
1 2507
1 2518
2 2512 2502
1 2509
2 2500 2517
1 2508
2 2516 2502
1 2504
2 2519 2500
1 2515
2 2502 2500
1 2519
1 2513
2 2503 2508
2 2510 2500
1 2506
2 2514 2500
1 2501
3 2521 2524 2539
1 2537
1 2523
1 2530
2 2521 2530
2 2536 2534
1 2532
1 2535
2 2527 2524
1 2536
1 2520
1 2522
1 2528
1 2527
1 2529
1 2533
1 2531
1 2538
1 2525
1 2526
1 2542
1 2554
1 2540
1 2543
2 2549 2554
2 2541 2546
1 2545
1 2548
1 2556
2 2557 2546
1 2558
1 2547
1 2552
1 2551
1 2553
1 2550
1 2555
1 2544
1 2559
4 2551 2554 2541 2553
1 2567
1 2576
3 2572 2560 2563
1 2564
1 2572
2 2562 2568
2 2561 2571
2 2578 2571
1 2574
1 2579
1 2569
1 2568
2 2573 2565
1 2566
1 2560
1 2577
2 2565 2568
1 2570
1 2575
1 2571
1 2587
2 2594 2593
1 2594
1 2582
1 2599
1 2590
1 2581
1 2596
1 2589
3 2584 2595 2598
1 2586
1 2580
1 2595
1 2585
1 2583
2 2584 2595
2 2588 2592
1 2597
1 2592
2 2591 2597
1 2618
1 2601
2 2603 2609
1 2610
1 2607
1 2615
1 2608
2 2606 2617
1 2617
1 2614
1 2616
1 2602
1 2611
1 2612
1 2613
1 2619
1 2609
1 2604
1 2600
1 2605
1 2620
1 2630
1 2635
1 2628
1 2621
1 2637
1 2633
3 2624 2625 2639
1 2629
1 2632
1 2622
1 2627
1 2638
1 2625
1 2631
3 2626 2639 2620
1 2623
1 2636
1 2634
1 2624
2 2648 2646
1 2654
1 2644
1 2649
1 2656
1 2643
2 2641 2657
2 2640 2659
1 2657
1 2647
2 2658 2642
1 2645
1 2650
2 2652 2645
1 2642
1 2651
1 2655
1 2648
1 2653
2 2640 2659
1 2669
1 2677
2 2673 2678
2 2663 2677
1 2666
1 2670
1 2679
1 2676
1 2664
1 2673
1 2675
1 2662
1 2667
1 2661
2 2668 2666
2 2665 2678
1 2671
1 2660
1 2672
1 2674
1 2696
1 2689
2 2699 2698
1 2690
1 2685
1 2688
1 2680
2 2680 2681
1 2684
1 2687
1 2698
1 2691
4 2691 2693 2688 2692
2 2684 2694
1 2683
1 2686
1 2693
1 2682
1 2697
2 2695 2689
1 2700
1 2715
1 2701
1 2704
1 2719
1 2705
1 2706
1 2717
1 2710
1 2714
1 2712
1 2702
1 2713
1 2709
1 2716
1 2703
1 2708
2 2718 2713
2 2716 2711
1 2707
1 2721
2 2727 2739
1 2735
1 2724
2 2731 2734
1 2725
1 2736
1 2728
2 2730 2726
1 2732
1 2720
2 2729 2735
1 2734
2 2722 2726
1 2739
1 2737
2 2738 2729
1 2733
1 2730
1 2723
2 2756 2745
1 2752
3 2744 2749 2741
2 2755 2740
1 2742
1 2744
2 2751 2743
1 2746
1 2750
1 2754
3 2740 2746 2751
1 2759
1 2758
1 2747
1 2743
1 2748
1 2753
1 2757
1 2756
1 2741
1 2773
1 2767
1 2769
1 2766
1 2779
1 2771
1 2776
1 2775
1 2764
1 2761
1 2768
1 2778
1 2772
1 2760
2 2762 2778
2 2763 2768
1 2774
2 2777 2769
2 2770 2767
1 2765
1 2799
1 2798
1 2793
1 2787
1 2786
1 2795
1 2796
1 2788
1 2792
1 2789
2 2781 2784
2 2794 2798
1 2781
1 2783
1 2782
1 2790
2 2780 2787
1 2791
1 2785
1 2797
2 2807 2817
1 2809
2 2803 2804
1 2810
1 2818
1 2815
1 2802
2 2806 2804
1 2817
1 2811
2 2808 2814
2 2812 2819
2 2805 2802
1 2819
1 2816
1 2803
2 2800 2807
2 2809 2813
1 2801
2 2814 2800
2 2836 2823
1 2828
1 2825
1 2837
1 2826
2 2821 2828
1 2832
1 2831
1 2820
1 2833
1 2835
1 2830
2 2834 2824
1 2827
1 2824
1 2838
1 2836
1 2829
1 2822
2 2837 2839
2 2845 2855
1 2854
1 2843
1 2846
1 2853
2 2840 2844
2 2855 2850
1 2851
1 2852
1 2848
1 2857
1 2859
1 2849
1 2858
1 2847
1 2840
1 2855
1 2842
1 2841
1 2856
1 2869
1 2862
1 2867
1 2877
1 2860
1 2866
2 2875 2873
1 2863
1 2870
2 2873 2860
1 2874
1 2868
1 2879
2 2864 2877
1 2876
1 2878
1 2861
2 2876 2865
1 2872
1 2871
1 2888
2 2893 2895
1 2891
3 2884 2892 2894
1 2887
1 2890
1 2897
1 2880
1 2895
1 2885
1 2884
1 2883
1 2881
1 2886
1 2882
1 2892
1 2896
1 2889
1 2899
1 2898
1 2901
1 2904
1 2907
1 2918
1 2911
1 2903
2 2919 2902
1 2912
1 2917
1 2909
3 2913 2916 2915
1 2906
1 2914
1 2910
1 2908
1 2915
1 2902
1 2913
1 2900
1 2905
1 2937
1 2921
1 2938
1 2931
1 2922
1 2928
1 2934
2 2926 2934
1 2933
1 2935
2 2939 2932
2 2923 2925
1 2936
1 2927
1 2929
1 2932
1 2924
1 2920
1 2923
1 2930
1 2959
1 2951
1 2947
1 2952
1 2944
1 2958
1 2945
2 2954 2946
1 2953
1 2949
1 2957
1 2946
2 2943 2950
1 2943
1 2940
1 2942
1 2948
1 2941
1 2955
1 2956
1 2979
2 2972 2970
1 2970
1 2965
2 2971 2963
2 2974 2969
2 2961 2974
2 2965 2966
1 2962
1 2975
1 2978
2 2967 2973
1 2964
1 2971
1 2976
1 2977
2 2961 2973
2 2972 2960
1 2968
2 2969 2966
2 2985 2998
1 2984
1 2999
1 2988
1 2986
2 2983 2993
2 2992 2994
2 2980 2982
2 2995 2994
1 2982
1 2987
1 2997
2 2991 2995
1 2990
1 2983
1 2991
1 2996
1 2989
2 2990 2981
1 2998
1 3016
1 3009
1 3011
1 3003
1 3005
1 3010
1 3006
2 3017 3019
1 3000
1 3012
1 3018
1 3017
1 3001
1 3007
1 3013
1 3002
1 3014
1 3004
1 3015
1 3008
2 3030 3031
1 3024
1 3039
1 3033
1 3028
1 3025
1 3034
1 3032
1 3037
1 3029
2 3030 3020
1 3038
1 3021
2 3038 3036
1 3030
1 3022
1 3026
1 3023
1 3035
1 3027
1 3047
1 3050
1 3048
1 3052
1 3043
2 3059 3045
2 3052 3044
1 3051
1 3056
1 3055
2 3054 3045
1 3042
1 3053
3 3052 3044 3041
1 3046
1 3057
2 3058 3051
2 3040 3045
1 3054
3 3046 3048 3049
1 3076
1 3070
1 3071
1 3074
1 3061
2 3071 3060
1 3075
1 3065
1 3079
1 3066
1 3063
1 3068
1 3077
2 3067 3078
1 3073
2 3069 3076
2 3060 3072
1 3062
1 3078
1 3064
2 3099 3084
1 3092
2 3085 3082
1 3083
1 3098
1 3094
2 3085 3096
1 3084
1 3080
1 3085
1 3095
2 3093 3084
1 3089
2 3081 3082
1 3091
1 3090
1 3097
1 3086
1 3088
1 3087
1 3108
2 3102 3114
1 3103
1 3107
1 3104
1 3114
1 3100
1 3115
1 3116
2 3119 3112
2 3102 3101
1 3112
1 3106
2 3113 3111
1 3117
2 3110 3105
1 3105
1 3118
2 3109 3112
1 3113
2 3129 3127
1 3128
1 3124
1 3121
1 3134
2 3130 3121
1 3135
1 3120
1 3136
1 3133
1 3132
2 3138 3131
1 3129
1 3126
1 3123
1 3139
1 3138
1 3122
1 3137
1 3125
1 3142
1 3154
1 3141
1 3158
2 3151 3155
1 3145
1 3155
2 3146 3157
2 3156 3140
2 3153 3159
2 3153 3140
1 3152
1 3146
1 3143
1 3150
1 3147
1 3149
1 3156
2 3148 3147
1 3144
3 3172 3177 3178
1 3175
1 3166
1 3168
1 3164
1 3176
1 3170
1 3169
1 3172
2 3175 3165
2 3176 3162
1 3171
1 3177
2 3168 3160
1 3179
1 3173
1 3174
1 3161
1 3163
1 3167
1 3188
1 3190
2 3182 3194
1 3195
1 3198
1 3187
2 3186 3181
1 3192
1 3189
2 3198 3183
1 3184
1 3196
1 3185
1 3193
2 3182 3195
2 3181 3197
1 3181
2 3180 3191
1 3180
1 3199
1 3207
1 3208
1 3209
2 3202 3218
1 3211
1 3205
1 3206
1 3215
1 3200
1 3216
1 3212
1 3201
2 3207 3219
2 3217 3206
1 3213
3 3214 3206 3210
1 3203
1 3214
1 3204
1 3202
1 3228
1 3221
1 3234
2 3232 3234
2 3225 3233
1 3226
2 3223 3227
1 3239
1 3236
1 3223
3 3236 3229 3222
1 3224
1 3230
2 3220 3238
1 3237
1 3235
1 3225
1 3231
2 3220 3229
1 3220
1 3256
1 3240
1 3245
1 3243
1 3253
3 3240 3255 3253
2 3258 3250
1 3241
1 3258
2 3257 3243
1 3259
1 3254
1 3251
1 3248
2 3259 3246
1 3244
1 3252
1 3249
1 3242
2 3247 3248
1 3275
1 3260
2 3267 3277
1 3264
1 3274
1 3266
1 3265
1 3270
1 3262
2 3273 3274
2 3279 3261
1 3261
1 3263
1 3276
1 3272
1 3268
1 3267
2 3269 3275
2 3268 3278
1 3271
2 3288 3289
2 3287 3281
2 3284 3283
2 3297 3299
1 3280
1 3282
1 3288
2 3291 3287
1 3294
2 3288 3299
2 3292 3298
1 3296
2 3290 3285
1 3293
1 3281
1 3298
3 3285 3293 3295
2 3286 3289
2 3294 3283
2 3281 3285
1 3312
1 3309
1 3305
1 3310
1 3302
1 3303
1 3314
1 3301
1 3304
1 3307
1 3317
1 3306
1 3316
2 3308 3318
1 3311
1 3300
1 3319
1 3313
1 3318
1 3315
1 3320
1 3329
2 3333 3328
1 3330
1 3323
1 3336
1 3326
1 3325
2 3332 3339
2 3326 3321
1 3338
1 3327
1 3334
1 3331
1 3335
1 3328
1 3332
1 3322
1 3324
1 3337
1 3356
1 3354
1 3355
2 3358 3343
1 3341
1 3359
2 3352 3344
1 3340
2 3346 3358
1 3347
1 3357
1 3344
1 3346
1 3345
1 3351
3 3342 3349 3353
1 3348
1 3342
1 3349
1 3350
1 3364
1 3373
2 3363 3368
1 3365
1 3371
1 3361
1 3379
1 3378
1 3369
1 3377
1 3360
1 3363
2 3362 3378
1 3376
1 3366
2 3377 3375
2 3370 3371
1 3374
1 3367
1 3372
1 3398
2 3389 3395
2 3396 3380
1 3394
1 3384
2 3383 3389
2 3390 3380
1 3392
2 3395 3383
3 3380 3382 3399
1 3387
1 3386
1 3391
1 3380
1 3388
1 3393
1 3381
1 3397
1 3382
1 3385
1 3407
1 3417
2 3407 3414
3 3418 3401 3407
1 3402
1 3416
1 3401
1 3408
1 3415
1 3419
1 3411
1 3403
1 3400
1 3405
1 3412
1 3409
2 3416 3410
1 3413
1 3406
1 3404
1 3423
1 3434
1 3431
2 3428 3422
1 3435
1 3439
1 3433
1 3436
1 3429
1 3424
1 3427
2 3420 3427
2 3422 3436
2 3432 3421
1 3426
3 3435 3423 3425
2 3434 3430
1 3432
2 3425 3438
1 3437
1 3452
1 3444
1 3446
1 3443
1 3454
1 3459
1 3450
1 3457
1 3440
1 3451
1 3449
2 3445 3442
2 3449 3448
1 3455
1 3456
1 3458
1 3447
1 3441
1 3453
2 3456 3442
2 3470 3474
1 3479
2 3476 3468
1 3477
1 3463
1 3471
1 3475
1 3462
1 3478
1 3464
1 3473
1 3466
1 3460
1 3461
1 3467
1 3469
1 3470
1 3476
1 3472
1 3465
1 3482
1 3487
1 3483
1 3489
1 3493
1 3495
1 3486
1 3480
1 3488
1 3498
1 3491
2 3482 3499
2 3485 3493
1 3497
1 3481
2 3494 3488
1 3490
1 3492
1 3484
1 3496
1 3509
2 3504 3512
1 3508
1 3501
2 3505 3500
1 3503
2 3514 3517
2 3516 3512
1 3513
2 3502 3515
1 3510
1 3505
1 3517
1 3511
1 3506
1 3507
2 3514 3519
1 3515
4 3516 3508 3519 3512
1 3518
2 3535 3526
1 3522
1 3532
1 3520
2 3534 3539
1 3527
1 3523
1 3531
1 3537
1 3530
1 3525
1 3534
1 3528
2 3536 3521
1 3533
2 3539 3529
1 3538
1 3536
1 3535
1 3524
1 3557
1 3540
1 3546
1 3558
2 3555 3552
2 3544 3543
1 3548
1 3549
1 3551
1 3554
2 3551 3547
1 3544
1 3555
1 3550
1 3545
1 3542
3 3553 3543 3541
1 3553
1 3559
2 3545 3556
2 3561 3574
2 3570 3565
1 3564
1 3573
1 3562
1 3572
1 3560
1 3567
1 3568
2 3562 3579
1 3571
2 3561 3570
1 3578
1 3574
2 3576 3567
1 3577
1 3563
1 3575
1 3569
1 3566
1 3598
1 3597
2 3595 3594
2 3599 3591
1 3587
1 3589
1 3585
1 3593
1 3599
1 3588
1 3583
1 3581
1 3592
1 3586
2 3586 3582
1 3584
1 3590
1 3594
2 3580 3582
1 3596
1 3602
1 3619
1 3600
1 3610
1 3604
1 3603
2 3607 3610
1 3609
3 3605 3603 3618
2 3617 3612
1 3615
1 3611
2 3615 3612
1 3608
1 3614
1 3601
1 3606
1 3605
1 3616
1 3613
1 3635
1 3638
1 3630
1 3639
1 3628
1 3620
1 3637
1 3622
2 3635 3623
1 3634
1 3625
2 3632 3620
1 3621
1 3636
2 3633 3635
1 3627
1 3631
1 3626
1 3629
3 3639 3624 3625
1 3648
1 3642
1 3659
1 3645
1 3658
2 3657 3654
1 3656
1 3646
1 3649
2 3647 3650
1 3651
1 3652
1 3653
3 3640 3648 3647
2 3655 3642
1 3657
1 3640
1 3644
3 3647 3646 3643
2 3641 3642
1 3664
1 3671
2 3663 3669
1 3672
1 3666
2 3678 3660
1 3677
1 3673
1 3676
1 3667
1 3679
2 3668 3661
1 3670
1 3663
1 3660
1 3665
1 3674
1 3661
1 3662
1 3675
1 3695
1 3686
1 3696
1 3683
1 3681
1 3699
2 3690 3689
1 3680
1 3684
1 3687
1 3685
1 3688
1 3691
1 3692
1 3694
2 3690 3683
3 3695 3692 3693
2 3698 3682
1 3698
1 3697
1 3702
1 3711
1 3706
1 3703
1 3708
1 3701
3 3714 3710 3707
1 3718
1 3715
2 3710 3717
1 3707
2 3700 3714
1 3704
1 3700
1 3713
1 3709
1 3705
1 3719
1 3716
1 3712
1 3728
2 3735 3738
2 3724 3721
3 3728 3733 3729
1 3738
2 3730 3727
2 3731 3736
1 3736
1 3737
1 3727
1 3725
1 3724
1 3732
2 3722 3721
1 3729
1 3726
2 3737 3739
3 3736 3734 3720
1 3720
1 3723
1 3754
1 3751
1 3746
1 3740
1 3741
1 3759
1 3742
1 3756
2 3743 3758
1 3753
1 3744
2 3748 3747
1 3757
2 3745 3742
1 3748
1 3750
1 3758
1 3755
1 3752
1 3749
2 3768 3774
2 3776 3766
1 3772
1 3774
1 3763
1 3761
1 3779
1 3762
1 3766
1 3770
1 3775
1 3765
2 3776 3760
1 3769
1 3764
2 3766 3767
1 3773
1 3777
1 3778
1 3771
1 3789
1 3781
1 3788
1 3798
1 3794
3 3796 3780 3787
1 3793
2 3797 3780
1 3782
1 3796
1 3795
2 3798 3784
1 3783
1 3799
1 3792
1 3790
1 3786
2 3785 3797
1 3780
2 3791 3798
1 3805
2 3815 3802
3 3807 3817 3816
2 3813 3811
1 3800
1 3808
1 3804
1 3810
1 3816
2 3816 3814
2 3812 3808
2 3817 3808
1 3815
2 3814 3806
1 3811
1 3819
1 3803
1 3809
1 3818
1 3801
1 3824
1 3823
1 3827
1 3832
1 3820
1 3838
1 3821
2 3828 3838
1 3837
1 3831
1 3825
2 3822 3835
1 3830
2 3839 3824
1 3835
1 3836
1 3829
1 3834
1 3833
1 3826
1 3850
1 3842
2 3847 3841
1 3841
1 3849
2 3846 3853
2 3840 3854
1 3843
1 3848
1 3855
1 3859
1 3844
1 3858
1 3846
1 3854
1 3857
1 3852
2 3855 3851
2 3845 3855
2 3848 3856
1 3870
1 3860
2 3874 3863
1 3868
1 3879
1 3878
1 3877
1 3871
1 3866
1 3873
2 3873 3869
1 3875
1 3876
1 3867
1 3862
1 3872
1 3863
1 3865
1 3861
1 3864
1 3892
1 3898
1 3899
1 3891
1 3884
1 3882
1 3883
1 3886
1 3885
1 3897
1 3889
1 3890
1 3894
3 3893 3886 3880
1 3896
1 3888
1 3893
2 3881 3897
1 3887
1 3895
1 3904
1 3918
1 3902
1 3912
2 3907 3910
1 3911
1 3908
1 3919
1 3900
1 3906
1 3903
1 3910
1 3913
1 3909
1 3917
1 3916
2 3905 3906
1 3901
1 3914
1 3915
1 3938
1 3937
2 3930 3933
1 3927
2 3920 3924
1 3921
1 3936
1 3926
1 3932
1 3930
1 3929
2 3930 3925
1 3928
2 3923 3927
1 3924
1 3935
3 3920 3922 3925
2 3931 3935
1 3934
1 3939
2 3944 3954
1 3942
1 3946
2 3958 3951
2 3946 3955
1 3940
1 3943
1 3944
1 3959
1 3947
2 3945 3959
1 3957
1 3958
2 3942 3952
2 3956 3941
1 3949
1 3941
1 3950
1 3953
1 3948
1 3967
1 3965
1 3974
1 3960
1 3979
2 3970 3977
1 3978
2 3976 3962
1 3964
2 3961 3974
1 3971
1 3968
1 3963
1 3977
1 3972
1 3975
2 3975 3969
1 3973
1 3966
1 3962
1 3981
1 3986
1 3988
1 3982
2 3987 3981
1 3991
1 3999
1 3985
1 3998
1 3997
2 3985 3995
1 3994
1 3992
1 3993
1 3984
1 3983
1 3996
1 3989
1 3980
1 3990
