20 11 2 200
17 21 26 36 27 39 20 31 24 34 25 32 33 35 23 37 28 38
14 39 28 25 38 24 32 36 34 21 35 29 31 20 30
13 21 27 29 37 22 31 34 25 35 39 33 23 30
17 34 38 22 20 30 29 26 37 35 31 39 33 36 27 21 23 28
16 21 30 23 35 28 31 26 29 39 36 38 37 32 22 20 27
19 38 39 32 21 20 24 31 37 28 36 26 25 22 33 29 27 35 34 30
16 33 29 28 36 37 31 38 27 21 34 30 25 39 20 35 32
18 26 30 20 33 36 31 23 38 37 34 29 22 27 21 25 39 28 35
14 24 39 38 21 27 25 26 23 34 32 29 36 33 28
18 22 21 36 35 39 25 24 38 32 23 28 34 37 33 29 20 26 30
17 37 38 39 27 29 21 30 26 20 31 28 24 32 34 22 25 36
16 24 23 32 34 31 29 25 38 21 22 26 33 35 39 30 28
18 32 38 24 29 27 36 31 22 21 35 34 37 20 28 30 25 33 26
15 28 23 20 29 39 36 26 22 25 37 24 34 38 21 27
15 34 37 30 36 26 23 31 29 33 32 28 38 20 21 39
12 32 33 38 24 39 30 27 36 23 31 25 22
18 33 38 24 23 32 26 39 35 21 31 36 37 25 28 22 34 20 27
16 25 32 30 37 39 23 35 26 21 24 36 31 33 29 34 38
12 27 28 25 20 21 26 22 38 33 32 37 30
15 25 27 28 32 38 29 31 30 23 24 26 33 36 22 34
16 52 56 55 42 44 48 41 54 49 57 53 51 43 40 45 47
10 52 45 42 54 49 51 58 46 44 57
17 44 50 52 51 48 58 57 40 41 42 54 49 47 46 45 43 53
17 51 46 45 54 47 42 59 43 56 49 55 57 52 48 40 58 41
16 42 48 57 58 47 46 52 55 41 53 54 50 51 40 49 56
17 50 46 40 55 56 54 53 57 41 59 51 43 44 42 58 47 49
13 59 56 47 44 49 40 53 57 42 45 48 43 55
14 40 47 48 57 56 53 45 44 50 54 46 49 59 52
15 45 43 44 40 57 54 42 51 46 55 56 59 52 48 47
16 46 54 59 42 48 53 40 50 41 44 57 49 58 45 55 43
13 48 51 44 55 58 47 40 53 46 42 50 57 49
16 53 57 47 40 49 55 48 52 44 45 56 54 46 50 59 41
14 56 54 41 58 40 49 51 42 48 53 59 45 46 44
17 44 55 56 47 52 42 46 58 57 41 54 53 51 59 43 50 49
19 40 45 47 55 54 51 58 43 41 57 49 42 53 52 59 50 56 46 48
16 46 53 51 58 57 45 55 48 42 59 44 40 47 49 43 56
16 46 51 42 55 43 59 48 50 49 45 52 44 41 54 58 47
14 40 46 45 55 49 47 57 52 50 41 59 44 54 56
12 59 46 44 58 54 57 45 47 49 53 42 48
16 46 53 42 48 45 50 49 51 59 54 55 47 40 57 43 58
15 72 78 68 61 74 69 63 77 65 71 79 62 66 64 70
16 71 69 63 62 70 77 76 75 60 66 79 72 78 65 61 64
12 65 70 76 78 75 69 79 61 74 73 67 77
15 60 67 68 79 65 76 64 62 75 66 73 74 77 69 70
19 69 62 64 77 75 78 65 73 71 66 63 72 74 68 79 61 76 70 60
15 64 78 69 65 74 73 77 75 72 66 62 60 76 67 63
13 70 79 77 64 63 72 74 69 62 67 65 78 76
18 70 65 77 60 79 64 68 63 67 62 75 78 66 76 69 74 61 73
14 62 70 61 64 66 72 65 69 79 71 74 75 77 63
18 71 77 78 67 60 74 76 63 66 72 62 69 79 73 70 68 75 65
15 74 61 78 67 63 69 71 73 72 70 75 64 65 60 79
12 66 74 70 61 79 72 76 77 78 62 69 63
14 66 65 75 71 74 78 62 76 68 72 64 60 79 63
15 67 62 61 68 63 70 65 79 72 75 78 60 76 77 69
16 75 70 71 78 69 60 68 77 62 61 74 67 65 66 73 64
16 74 62 75 78 63 72 79 61 66 68 71 73 60 76 64 70
14 69 77 72 76 61 60 64 79 75 65 78 70 71 74
13 61 71 72 73 63 75 62 77 76 74 79 66 68
16 64 70 78 75 63 62 74 73 79 61 66 68 77 65 76 72
13 60 74 66 78 75 63 62 69 77 65 73 79 68
14 93 83 81 97 94 90 98 96 92 91 82 84 86 87
16 84 87 99 93 89 94 81 97 85 88 86 82 96 98 90 83
15 98 84 86 94 89 99 87 91 80 83 81 88 96 85 90
15 99 82 98 80 95 91 89 94 87 90 85 81 84 86 96
14 80 97 86 93 83 92 90 84 91 94 96 85 81 89
18 99 95 83 82 91 97 85 90 87 89 88 84 94 96 93 98 92 81
14 96 91 87 80 95 84 93 86 85 92 90 88 98 99
17 96 98 99 84 91 87 92 85 86 93 90 89 94 95 83 81 80
18 91 81 89 80 93 97 94 99 84 83 87 88 96 82 85 92 98 86
11 89 80 82 90 98 85 91 87 83 88 93
17 94 87 81 92 86 89 96 99 82 95 91 85 98 90 88 97 84
14 83 89 92 98 93 82 96 84 94 97 86 87 91 85
16 82 83 81 95 80 89 91 84 96 85 87 88 90 97 86 99
19 84 93 81 85 86 94 82 96 87 90 98 92 99 80 83 89 95 91 97
15 94 90 89 84 85 97 80 95 93 99 91 87 82 96 86
16 91 95 80 86 96 97 83 88 87 98 84 93 92 85 90 99
12 82 88 95 90 83 87 84 89 96 92 94 97
17 99 90 80 83 87 96 89 93 92 85 98 81 94 97 95 84 82
14 82 97 81 84 95 87 96 89 85 93 80 94 90 86
17 96 82 81 91 93 94 80 86 97 85 88 84 99 90 89 83 92
12 116 118 113 105 119 112 100 107 115 101 114 117
18 119 106 101 118 105 104 116 109 114 102 110 108 117 111 103 115 100 107
13 114 104 119 115 116 117 105 110 103 113 100 111 108
16 114 116 113 104 119 117 101 110 107 103 111 105 109 112 102 106
13 111 112 103 107 115 113 100 102 118 105 108 117 106
8 115 108 106 119 104 116 105 100
14 116 107 108 103 101 117 113 115 110 118 106 114 105 112
16 107 113 100 105 104 118 109 119 108 103 116 114 112 110 101 117
11 103 109 118 119 101 108 104 113 102 105 115
15 100 104 107 110 101 108 106 116 118 112 103 109 102 115 114
15 102 116 111 115 106 117 110 104 113 119 109 107 103 105 114
15 102 111 101 119 104 103 114 108 116 105 109 117 110 118 115
14 115 100 114 102 119 106 110 108 118 103 113 105 107 112
14 103 111 106 110 118 117 119 107 109 113 108 102 116 105
11 107 116 119 111 115 108 117 103 113 105 110
13 117 109 112 103 113 106 100 102 118 110 101 111 114
16 108 114 111 117 116 105 107 112 104 103 119 110 113 118 100 115
15 109 101 104 103 100 116 112 110 111 106 107 102 118 114 119
13 118 102 114 110 119 113 105 107 108 117 112 104 115
15 111 114 101 118 116 100 106 113 104 110 117 119 105 108 109
18 139 120 136 138 127 122 135 123 129 134 131 126 128 133 130 132 121 125
16 130 123 120 122 136 127 137 134 131 124 129 121 125 138 135 128
15 128 123 126 125 133 136 121 134 139 137 124 122 120 131 127
15 126 121 125 136 135 137 123 134 128 130 120 129 133 122 131
11 120 135 121 137 136 126 125 129 131 128 138
20 138 137 121 124 131 120 139 122 127 133 128 126 134 136 123 135 129 132 125 130
11 124 129 127 136 121 134 128 125 131 120 138
17 136 126 134 124 123 122 138 128 130 139 129 121 133 120 127 132 131
12 131 139 134 120 121 123 127 137 126 138 128 132
17 138 124 129 133 134 136 137 130 132 120 123 121 128 125 139 126 122
17 136 129 122 139 132 134 121 123 128 126 127 131 135 130 120 124 137
18 120 122 139 128 126 131 121 124 123 133 138 127 137 129 134 132 130 135
16 136 121 139 127 130 133 120 125 124 126 123 135 138 128 137 134
15 133 137 128 127 136 129 125 135 126 130 123 134 124 132 120
15 135 127 123 124 126 131 138 121 136 122 120 128 137 132 139
17 137 125 139 123 122 136 121 134 132 126 128 133 138 129 120 131 124
13 127 134 138 130 121 139 132 120 124 131 137 122 133
15 128 124 129 127 123 136 139 135 120 137 122 131 133 125 138
14 129 130 139 122 127 137 121 123 131 128 133 136 126 132
16 123 139 120 121 132 129 137 122 135 130 127 131 134 128 138 125
15 157 158 147 143 149 156 145 141 153 152 144 151 146 148 159
12 158 147 156 150 145 152 143 141 157 154 155 151
12 150 158 145 159 154 153 146 152 144 157 147 156
13 146 156 145 154 147 151 148 150 152 140 149 141 155
14 150 140 159 149 147 157 143 146 156 152 153 144 141 148
17 141 151 159 145 147 153 143 142 150 158 140 156 155 149 144 152 148
17 158 144 143 153 157 147 141 152 150 156 154 140 145 148 151 142 149
14 144 140 142 153 151 148 156 157 159 155 149 141 143 145
17 144 142 151 140 141 152 150 147 156 155 149 154 153 143 148 145 146
16 156 158 140 144 149 145 141 150 153 152 143 148 142 146 154 151
14 144 142 156 151 150 154 148 158 155 143 141 146 140 145
18 149 156 148 142 143 153 154 141 159 140 157 146 155 145 144 151 150 147
17 140 155 145 152 143 153 147 149 159 146 142 151 157 150 158 148 144
15 151 148 149 145 150 143 153 155 140 157 142 156 146 154 144
16 154 148 159 158 156 157 149 150 141 140 144 155 151 142 145 146
16 142 145 156 149 155 148 150 154 159 157 152 153 144 158 151 140
16 143 145 151 152 150 156 148 141 155 146 154 140 157 149 142 158
14 141 148 145 142 158 150 154 156 157 149 143 144 155 152
15 154 147 158 152 153 148 141 146 156 159 142 149 144 150 143
14 158 154 141 150 156 159 143 148 157 151 155 145 142 152
14 168 173 163 179 176 170 165 161 166 178 164 171 162 167
14 171 178 164 176 167 160 172 179 165 161 174 177 162 166
17 178 176 163 170 172 162 166 165 164 173 174 160 175 169 177 161 168
16 162 165 173 164 176 174 175 172 160 163 170 171 169 167 166 168
15 172 171 178 179 177 169 167 161 175 162 173 165 168 174 170
17 176 164 160 178 170 166 173 179 162 171 172 175 177 165 174 168 169
10 169 163 170 177 175 176 173 178 161 162
15 170 167 177 164 169 162 163 160 172 176 166 171 168 174 173
14 165 173 176 163 162 169 166 164 177 167 172 179 175 178
11 172 162 178 161 170 169 174 165 179 171 175
14 174 169 171 179 165 168 160 164 175 178 167 166 173 162
15 178 174 170 163 165 172 166 179 176 162 160 175 169 168 161
14 166 168 172 179 160 164 174 170 161 178 173 176 165 169
17 171 167 176 161 178 174 166 172 177 165 169 179 168 170 162 160 173
13 177 178 162 174 160 168 175 161 165 179 164 167 172
14 172 169 173 177 161 170 160 167 168 165 176 174 179 171
14 174 179 175 161 167 168 170 166 160 165 173 163 164 177
13 169 176 161 162 178 166 164 168 170 171 174 172 160
14 171 170 174 163 178 175 168 169 173 176 167 164 165 161
17 169 173 172 167 176 162 163 175 174 165 168 161 179 164 171 170 177
15 197 182 181 185 195 187 180 189 199 194 196 193 191 190 184
14 196 181 190 193 197 184 188 198 182 189 195 180 194 185
15 185 195 191 199 190 183 188 189 184 194 186 180 181 192 193
16 197 183 195 191 193 180 184 182 188 187 199 194 196 192 190 186
13 181 199 190 183 194 186 197 182 180 195 187 192 198
14 189 188 190 181 187 197 192 182 194 191 199 196 186 195
15 195 182 197 181 189 192 198 188 186 194 187 180 184 190 191
14 188 181 186 182 184 199 185 183 197 194 195 198 189 190
16 181 190 199 186 183 182 194 198 197 189 187 192 191 193 195 196
16 184 180 196 189 199 194 182 191 188 187 181 190 185 192 195 193
12 197 189 194 191 183 190 195 196 184 180 192 199
16 185 195 184 180 194 198 192 189 196 181 188 190 183 186 193 199
15 183 196 192 182 195 184 189 197 180 188 199 193 190 186 198
15 193 187 182 199 180 197 191 188 189 181 186 183 198 192 195
18 185 190 198 183 195 182 196 186 199 181 192 187 189 191 197 193 180 188
18 180 181 199 190 182 194 196 183 186 185 184 192 193 191 197 189 198 195
15 186 183 189 194 199 187 182 184 191 190 188 185 193 197 192
15 189 186 192 195 199 188 194 198 196 180 185 181 193 197 187
15 199 190 198 181 194 195 184 182 188 180 189 196 187 183 186
17 195 196 187 180 192 183 194 184 198 186 188 191 190 181 185 199 189
15 216 206 208 211 209 207 219 205 200 201 214 203 217 212 213
15 215 207 200 217 219 213 208 203 211 216 204 212 218 202 206
17 215 209 214 200 203 210 211 206 217 218 208 205 216 202 219 201 212
15 200 207 209 203 214 217 216 211 213 205 210 212 206 202 218
14 210 212 218 203 207 201 200 215 211 213 209 208 206 217
14 218 212 217 202 214 201 207 213 215 210 219 204 205 211
12 208 204 209 202 213 210 207 219 214 216 203 201
16 202 201 213 206 207 217 200 214 203 204 212 215 205 216 209 218
17 211 208 210 207 209 212 219 203 201 218 200 206 214 216 202 217 205
15 208 215 204 205 209 206 211 214 213 218 203 200 210 207 202
16 202 214 212 204 209 208 215 200 217 207 201 218 211 216 203 210
16 216 218 206 205 214 215 207 200 204 209 202 213 219 201 210 211
14 205 202 207 217 215 206 204 200 213 216 212 201 211 209
14 214 200 205 218 215 207 211 208 213 212 203 204 209 210
16 213 208 201 215 209 204 219 202 200 218 214 207 210 203 205 206
15 208 205 206 217 207 219 213 215 201 203 211 212 202 216 214
14 202 210 219 211 216 207 201 217 200 205 213 218 206 209
12 215 212 200 214 218 202 207 213 203 217 206 219
14 205 200 210 212 207 208 219 204 206 215 211 203 216 202
12 205 216 214 218 210 204 217 208 219 213 207 211
