20 52 8 1025
3 31 23 27
2 34 32
2 30 26
1 26
2 24 22
3 28 26 21
3 26 28 38
3 36 31 20
3 34 32 30
2 38 21
1 37
1 35
1 25
2 39 36
4 22 33 28 27
2 24 29
1 36
1 31
2 22 33
2 22 39
1 46
1 58
1 45
3 43 53 46
3 52 42 56
3 48 40 59
1 51
5 50 55 53 46 43
3 59 44 58
4 58 53 55 49
2 52 49
1 42
1 57
3 46 40 55
2 43 54
2 49 55
2 40 52
4 42 55 53 41
1 47
4 41 44 52 46
2 74 70
2 76 75
3 68 74 61
2 71 74
1 65
3 62 71 69
2 62 76
2 77 66
1 64
2 68 72
1 72
2 79 62
1 63
2 73 61
2 79 76
1 66
1 69
3 77 67 73
1 60
1 78
3 99 95 84
3 91 81 90
1 86
3 88 93 96
2 83 98
1 95
1 94
1 92
2 95 85
4 85 92 82 83
3 83 96 82
3 90 84 87
6 97 92 86 84 93 94
3 91 82 86
3 96 80 83
1 93
2 81 89
3 87 94 85
1 84
5 89 88 85 96 87
4 108 107 103 106
4 105 113 117 118
2 112 109
3 112 104 107
2 101 111
1 114
1 100
2 119 104
2 104 118
1 110
2 119 110
1 115
2 108 103
2 110 102
1 117
3 100 111 116
3 105 113 112
2 103 117
1 101
1 107
3 136 122 133
3 123 125 133
2 131 121
1 136
1 126
2 139 128
2 137 126
1 132
2 127 129
2 137 124
2 131 134
2 139 123
2 135 125
1 123
1 120
3 138 125 129
2 138 125
2 127 131
1 129
2 130 123
2 150 151
1 145
3 159 146 152
1 151
2 155 159
2 151 147
1 144
2 145 158
2 157 148
1 149
2 143 147
1 156
1 140
3 149 155 153
1 146
1 155
1 141
3 154 148 142
2 148 143
3 141 142 148
2 171 166
2 165 174
1 162
3 172 176 177
1 168
3 169 171 177
1 167
2 178 179
2 175 176
2 170 165
4 172 171 163 174
1 161
2 171 160
2 177 175
1 173
1 178
2 176 163
2 171 174
1 164
2 162 160
2 196 181
2 180 191
1 195
2 190 182
2 186 187
2 187 198
1 188
3 193 184 186
2 180 189
3 190 183 194
3 180 183 196
2 192 183
3 197 185 198
2 182 199
1 193
3 191 183 186
1 180
2 182 198
1 182
1 197
3 216 212 206
2 200 213
2 214 209
2 217 202
2 205 215
3 200 216 218
2 211 213
4 206 217 202 201
1 204
2 218 219
1 219
1 203
1 215
2 210 217
2 202 207
1 206
3 211 216 213
2 213 202
1 214
2 208 205
2 228 232
2 237 228
2 233 234
1 221
1 226
2 228 230
1 233
1 236
2 223 222
1 231
1 229
1 235
3 230 237 236
3 239 236 220
2 220 226
5 224 238 222 236 220
1 238
1 225
3 227 231 235
3 236 239 222
1 252
1 247
1 257
2 253 255
3 244 256 255
1 242
1 243
4 257 243 244 242
1 251
3 248 254 258
2 246 255
3 256 243 245
2 245 253
1 254
1 248
3 258 259 256
4 244 241 242 259
2 250 256
1 240
1 249
4 269 262 275 268
1 270
7 264 272 265 273 275 268 260
2 267 264
2 279 270
1 266
1 272
2 260 276
4 268 279 263 277
2 273 270
3 277 267 274
1 278
1 271
2 263 261
3 271 268 269
3 260 264 271
3 262 271 274
3 278 262 265
1 261
2 268 265
1 292
1 284
2 283 292
2 293 288
3 289 287 285
1 291
2 295 296
1 285
1 288
1 294
4 290 298 297 296
4 294 298 299 285
1 296
4 287 291 290 293
3 290 280 284
1 286
2 281 283
2 288 299
4 289 288 287 283
1 282
2 319 306
4 312 318 303 319
2 303 304
2 319 314
2 312 304
2 315 319
1 302
3 305 317 310
4 309 319 304 311
1 310
1 313
2 319 306
2 319 307
2 302 308
2 303 316
2 304 317
2 314 301
1 311
3 300 309 316
1 303
2 337 327
2 333 320
4 328 321 336 338
1 324
2 321 323
3 339 336 331
1 332
4 339 324 338 335
2 334 331
1 329
1 328
2 322 337
1 331
1 335
1 321
3 325 334 320
1 330
2 337 326
3 339 320 333
2 337 338
3 340 341 354
2 353 350
1 347
1 349
2 341 350
2 343 359
4 343 353 350 351
2 342 354
1 351
2 354 340
2 348 344
1 355
1 348
3 350 355 346
1 356
2 352 344
1 357
4 345 340 350 342
1 358
1 350
3 370 364 369
1 366
2 369 374
4 376 378 370 375
3 373 372 370
1 363
1 368
2 375 368
2 360 371
2 364 373
1 367
4 377 366 369 376
3 368 360 377
3 366 362 361
1 376
2 370 379
2 366 374
4 374 373 372 362
1 379
2 365 377
3 394 393 395
1 397
1 381
2 389 388
4 389 392 380 386
1 396
1 391
2 388 387
1 395
2 385 387
1 390
1 382
3 398 393 386
1 392
1 387
2 388 383
1 380
1 384
1 399
4 381 386 389 393
1 419
1 407
2 416 408
2 413 404
4 410 418 415 406
3 411 406 418
2 401 412
2 418 413
2 413 414
2 401 417
2 403 417
2 402 400
3 419 411 405
1 406
4 407 416 414 411
1 402
1 415
2 409 418
2 404 414
2 415 401
1 424
2 426 439
1 438
1 425
1 421
3 428 427 425
2 422 439
2 422 434
3 437 424 423
1 432
2 431 428
2 420 427
2 430 433
2 427 426
3 421 422 435
1 437
2 430 426
1 433
3 422 436 437
3 427 429 432
1 447
2 440 459
2 455 457
3 451 449 441
3 459 440 451
2 458 450
1 454
3 450 446 442
2 456 441
1 442
2 440 450
2 451 448
1 452
1 444
2 443 441
4 459 449 457 440
2 453 449
2 445 458
4 453 443 454 442
2 458 455
1 469
5 474 465 477 471 473
2 464 478
1 465
2 463 470
1 475
3 474 479 470
1 472
1 460
2 479 462
2 470 476
3 466 478 468
3 464 473 471
3 461 473 465
3 477 463 475
2 476 471
1 467
3 479 471 468
2 478 468
3 474 463 479
2 499 497
2 485 492
3 499 484 493
2 493 488
2 486 496
2 494 496
3 491 492 481
2 484 480
2 482 486
1 486
2 498 480
1 489
2 483 498
1 490
2 491 493
1 493
2 492 485
1 497
2 491 487
1 495
1 501
2 514 504
1 516
1 502
3 507 501 500
2 510 509
3 505 507 514
2 502 519
2 517 509
2 513 512
2 508 501
5 506 503 509 513 502
3 510 516 511
2 513 516
3 506 516 501
2 515 517
3 505 500 511
2 513 518
1 514
3 512 509 505
3 528 537 527
3 538 520 536
2 528 537
1 525
1 524
2 536 526
3 536 534 523
3 521 529 538
1 526
3 532 523 521
1 522
4 528 536 520 533
4 539 538 524 523
2 533 539
2 539 534
2 535 538
2 539 522
3 521 522 531
3 521 525 523
3 522 530 529
2 542 554
2 549 546
2 545 555
3 556 544 541
1 554
3 548 558 551
2 546 552
1 540
2 556 553
1 543
2 548 545
2 559 545
1 547
4 556 555 550 548
2 541 556
1 557
2 549 558
1 555
2 546 558
3 547 544 546
1 576
2 565 567
1 577
3 565 579 569
1 573
2 571 560
2 578 571
1 567
1 568
3 572 569 570
1 566
3 562 564 578
3 564 573 576
1 575
2 561 569
3 568 572 569
2 570 579
3 574 573 568
2 570 563
4 579 565 573 578
3 582 587 598
2 593 587
1 596
3 599 588 589
3 590 591 597
1 585
3 597 584 596
1 581
4 595 598 584 586
2 590 599
2 588 599
2 582 595
2 589 598
1 580
1 594
2 592 599
2 586 583
1 584
3 583 584 590
1 587
2 601 603
1 608
1 603
1 607
1 610
3 617 604 609
1 613
2 614 618
2 616 612
2 606 607
1 600
2 615 602
2 608 604
3 604 614 609
1 616
1 619
1 602
1 611
2 605 610
2 606 614
1 633
2 637 628
2 621 627
3 624 639 632
2 620 634
1 631
1 636
1 639
2 623 630
2 637 638
2 626 634
1 622
1 632
2 620 625
2 635 628
1 638
1 623
1 621
3 625 634 629
4 629 630 637 622
1 651
2 649 656
3 659 650 642
4 650 640 647 656
1 647
1 658
3 659 641 650
2 645 648
3 654 655 643
2 648 653
1 657
1 655
1 652
4 646 656 655 649
1 653
2 654 640
1 654
2 644 658
3 648 642 653
2 658 650
2 660 667
3 670 666 673
4 670 672 678 674
1 679
1 669
2 663 665
3 663 664 668
2 666 662
1 675
2 670 672
2 660 678
1 671
1 665
1 672
2 676 666
1 678
1 668
2 661 667
2 675 666
3 677 662 674
1 694
2 692 684
1 682
1 698
2 699 681
2 686 695
1 685
3 696 687 686
2 697 690
1 693
2 683 680
1 687
1 691
2 681 689
1 689
1 692
2 698 680
2 686 688
3 689 694 686
2 697 685
1 719
2 714 701
1 701
1 717
2 706 703
2 709 704
3 700 709 715
1 700
1 705
1 711
2 702 710
3 701 703 716
3 703 710 707
2 707 700
2 712 719
1 709
2 716 708
1 716
1 713
1 718
1 732
2 736 730
1 738
1 720
3 728 737 731
1 722
1 724
3 734 728 722
4 737 738 721 735
1 727
1 725
1 728
2 732 739
2 733 737
1 723
2 736 737
3 736 731 726
1 733
2 731 729
1 721
3 740 747 748
4 742 758 740 757
2 755 759
3 746 749 745
1 751
2 742 748
2 753 743
2 743 757
2 755 744
2 746 748
1 740
2 756 750
2 747 744
1 745
2 750 752
1 756
2 757 754
1 757
2 757 741
1 742
2 765 770
1 767
3 769 764 761
1 779
1 771
3 766 765 778
3 762 777 773
2 763 760
2 760 774
3 760 769 777
3 761 772 774
2 773 779
3 771 768 770
3 764 761 777
2 765 762
4 766 765 779 772
1 776
2 764 761
4 772 775 766 779
2 772 768
2 787 798
4 782 785 797 787
1 782
2 785 784
5 795 793 780 782 789
1 795
3 786 787 791
3 796 785 795
4 799 798 780 788
1 783
2 799 793
2 793 786
1 796
2 798 781
1 781
2 794 781
2 780 785
2 792 781
3 793 798 790
1 789
1 819
1 806
1 813
4 802 806 816 809
3 809 818 802
2 801 804
1 815
2 814 804
4 807 800 809 805
2 809 812
3 810 811 819
2 811 808
4 807 802 808 813
2 811 803
2 808 803
1 812
1 814
1 800
1 817
4 818 813 816 810
2 829 836
3 833 830 838
2 834 828
3 835 832 827
1 838
2 826 820
1 823
1 827
1 839
1 837
1 822
1 830
2 831 820
3 835 838 834
3 836 821 831
1 824
2 829 831
1 825
4 825 826 828 821
2 832 831
2 855 840
2 844 846
1 849
4 846 859 843 848
2 844 852
2 853 843
1 840
3 848 855 854
3 853 841 845
2 858 857
1 853
2 856 848
2 850 857
1 850
1 848
1 851
1 842
1 841
2 845 844
2 847 846
3 863 870 879
1 866
1 868
1 874
1 879
3 875 860 865
1 871
1 878
2 865 867
2 873 861
1 863
2 870 864
3 869 870 862
1 861
1 862
1 876
1 872
3 863 862 875
2 877 869
2 860 873
3 899 888 884
4 896 897 891 887
2 895 899
1 884
2 893 887
2 889 885
2 892 895
1 883
1 894
2 889 890
2 897 881
2 898 897
3 895 887 880
1 892
3 884 887 882
1 896
2 886 897
3 898 896 882
2 895 893
3 889 892 891
1 910
1 908
1 912
3 910 902 903
1 914
2 902 919
1 904
2 916 901
2 911 916
2 909 900
1 907
1 905
3 900 913 918
2 904 913
2 915 907
2 902 906
3 917 907 900
2 902 915
2 916 900
1 909
3 931 933 930
2 924 932
1 936
1 926
2 920 935
1 931
2 921 927
2 934 937
1 935
2 923 932
3 937 929 933
3 937 929 920
3 939 927 921
3 928 938 934
1 930
1 922
1 925
3 921 920 925
1 924
2 930 938
1 951
2 957 942
1 952
1 958
1 942
2 943 956
1 941
1 950
2 955 947
2 957 945
1 956
2 954 952
3 955 953 948
3 953 945 959
1 944
2 950 949
1 940
1 947
1 948
1 946
2 968 978
1 964
4 975 970 976 960
2 964 979
2 972 976
2 967 975
1 973
2 966 972
1 961
3 962 977 971
2 979 962
1 975
1 970
3 974 976 964
1 965
3 966 974 969
2 977 978
1 974
2 963 971
1 968
2 997 989
2 993 987
2 996 981
1 988
2 986 991
1 999
1 982
4 989 986 981 992
2 980 982
1 987
2 991 995
2 989 994
2 990 992
1 983
3 980 993 991
3 998 989 984
3 984 981 990
2 985 990
1 992
1 989
1 1012
4 1006 1008 1019 1000
2 1006 1019
3 1019 1018 1007
1 1000
3 1019 1015 1007
1 1002
2 1017 1015
2 1009 1013
1 1009
1 1016
1 1004
1 1010
1 1008
2 1014 1016
1 1005
2 1019 1003
1 1015
2 1009 1011
2 1001 1010
1 1033
2 1022 1037
2 1036 1035
1 1023
3 1024 1029 1022
1 1025
3 1030 1031 1033
3 1032 1039 1026
2 1021 1030
2 1037 1028
2 1039 1020
1 1029
2 1022 1020
1 1035
2 1038 1023
1 1021
1 1034
2 1026 1030
1 1027
1 1024
