260
12
33
41
63
94
110
119
133
152
189
197
211
233
264
266
297
308
339
357
369
397
401
428
438
470
479
494
524
540
560
586
605
622
645
648
671
698
712
725
747
767
784
800
832
851
865
877
907
918
933
953
971
992
1011
1031
1054
1077
1096
1107
1137
1153
1163
1178
1202
1231
1243
1271
1281
1295
1315
1341
1350
1373
1402
1415
1432
1454
1474
1493
1508
1527
1539
1563
1582
1596
1621
1649
1670
1674
1692
1719
1732
1757
1770
1794
1823
1830
1844
1876
1884
1916
1934
1946
1957
1985
2005
2031
2035
2057
2080
2092
2127
2136
2152
2181
2193
2213
2232
2257
2271
2298
2302
2330
2344
2364
2389
2410
2421
2448
2451
2478
2489
2508
2544
2546
2570
2589
2606
2635
2655
2672
2683
2716
2733
2754
2759
2775
2797
2825
2844
2852
2869
2897
2921
2941
2946
2968
2992
3011
3037
3043
3061
3092
3110
3123
3135
3172
3174
3210
3216
3230
3258
3277
3290
3306
3326
3356
3370
3395
3403
3427
3450
3474
3489
3513
3516
3535
3567
3584
3600
3618
3638
3648
3682
3696
3711
3730
3750
3770
3783
3803
3822
3840
3857
3887
3911
3919
3936
3961
3985
3997
4016
4037
4056
4074
4101
4117
4139
4149
4169
4198
4211
4222
4247
4268
4292
4301
4327
4333
4361
4377
4399
4424
4443
4453
4481
4497
4521
4530
4550
4567
4588
4614
4632
4646
4671
4683
4709
4730
4733
4758
4770
4801
4809
4831
4861
4882
4899
4902
4924
