19 123 8 2335
5 28 22 20 36 19
1 21
3 27 26 24
3 26 28 37
2 23 22
4 21 23 28 33
2 24 26
1 35
1 31
1 26
5 24 33 22 27 29
2 32 34
1 19
2 29 23
1 30
1 25
2 36 33
1 34
2 20 32
1 56
1 52
2 52 48
3 45 48 42
1 49
1 41
2 38 45
2 44 41
3 55 54 47
2 46 54
3 40 44 39
3 50 53 42
1 50
1 40
3 55 44 47
1 51
5 43 40 53 42 51
4 40 44 43 49
4 53 51 52 47
2 59 67
1 65
1 64
1 61
2 59 58
2 71 75
4 70 61 69 62
3 68 64 60
2 72 59
3 68 67 64
1 63
1 75
2 57 73
3 57 74 61
1 66
1 69
2 74 72
3 74 70 62
3 60 74 63
1 89
1 86
4 79 81 78 93
4 89 87 79 81
1 82
2 79 83
1 92
2 88 94
3 85 87 81
1 83
2 90 83
1 88
1 80
3 78 76 77
2 93 85
1 77
2 89 85
2 79 84
3 91 81 89
3 112 107 110
1 96
3 97 96 99
2 102 98
2 103 104
1 112
1 113
1 100
2 106 101
2 110 108
2 96 102
1 95
3 110 103 97
1 105
3 110 111 104
2 107 111
2 108 109
2 97 101
4 99 106 96 103
2 115 132
2 125 118
2 123 116
3 117 123 126
2 125 120
1 114
1 122
1 117
2 132 131
2 119 130
3 118 129 130
1 115
2 116 121
2 118 117
3 126 128 121
2 129 120
2 123 121
2 121 124
2 122 127
2 139 150
2 145 142
2 143 146
1 134
2 149 140
4 133 137 148 138
3 138 148 146
1 135
4 145 142 133 136
2 151 140
3 136 146 150
2 135 141
1 136
1 138
1 147
2 151 148
1 151
3 137 141 144
3 143 145 150
2 160 167
2 170 153
2 165 162
1 158
3 157 169 154
1 159
1 156
1 169
4 161 165 158 157
1 170
1 165
1 160
2 161 159
3 161 155 162
1 166
2 169 163
2 168 153
3 157 152 153
4 165 157 154 164
1 183
3 173 180 178
1 175
3 186 188 182
1 185
3 185 182 184
3 176 177 173
3 178 172 182
3 174 172 188
3 182 184 171
2 176 179
3 189 175 182
2 186 181
3 184 176 181
2 181 178
2 187 171
4 176 177 188 180
2 176 185
1 181
1 203
1 201
4 205 208 202 192
2 194 204
2 192 197
3 198 193 208
1 190
1 192
2 207 199
1 207
2 192 206
1 200
3 195 202 199
3 208 191 196
4 191 198 208 205
2 203 193
5 205 200 208 196 201
3 206 207 194
4 196 198 190 195
3 212 224 225
4 211 225 219 209
1 213
2 215 209
2 214 224
2 221 222
2 225 212
4 225 221 214 220
1 223
1 216
2 211 217
3 225 213 209
2 221 222
4 214 218 213 209
3 210 213 227
1 211
2 216 210
2 223 226
3 215 219 226
3 228 230 242
2 238 245
2 232 235
2 233 239
2 243 239
1 245
2 245 235
2 231 237
1 228
2 246 232
2 228 229
3 230 243 244
2 236 230
1 239
1 237
3 241 243 239
2 234 236
4 240 228 230 231
2 234 241
3 249 251 253
1 257
3 256 255 259
2 250 251
2 254 264
3 264 258 265
2 260 248
2 255 263
1 261
2 262 256
2 251 264
2 262 260
3 262 250 249
3 252 262 253
1 258
3 251 253 259
2 247 257
3 252 255 260
1 248
1 280
2 281 279
2 268 275
2 282 276
2 281 275
4 274 279 269 275
3 284 281 278
3 266 273 276
3 267 266 276
3 273 269 283
1 277
1 271
3 270 284 283
1 283
2 281 267
2 270 280
3 267 272 270
3 278 279 266
2 276 275
2 293 299
4 286 288 294 300
1 294
1 290
4 301 300 288 297
3 303 285 289
1 291
2 288 289
1 295
2 295 299
1 302
3 295 299 296
1 285
2 288 299
4 285 288 299 298
2 297 289
2 291 286
3 298 292 290
3 298 287 288
1 305
2 316 319
3 309 315 311
3 315 314 320
5 312 306 314 321 305
5 322 312 317 305 318
3 305 304 316
2 321 315
2 321 317
1 306
5 308 315 311 307 316
2 322 304
2 319 307
3 306 315 322
2 316 314
1 310
4 304 322 315 313
1 311
4 310 319 308 306
3 327 338 335
2 340 327
3 329 330 327
2 330 323
3 338 339 323
1 335
3 332 337 327
2 331 329
5 331 334 328 324 336
1 339
2 335 332
2 330 328
1 341
4 334 330 339 336
1 334
1 333
2 326 328
2 331 324
4 325 340 339 331
3 342 358 351
2 352 353
1 346
2 359 343
3 350 345 342
2 357 344
4 360 343 348 359
1 348
4 359 357 343 345
1 355
2 352 357
1 356
4 358 345 349 360
2 349 354
4 358 342 355 360
3 343 359 347
1 353
3 345 360 356
3 348 346 351
2 369 379
1 378
2 367 371
4 376 377 368 373
2 366 370
2 364 361
2 375 369
3 365 374 370
2 374 373
3 376 362 372
2 377 361
2 371 365
1 364
4 361 365 368 363
2 375 370
3 378 363 362
3 369 372 379
3 372 368 377
1 374
4 398 390 383 396
1 381
1 382
2 389 396
2 396 390
3 392 391 383
1 395
1 391
4 392 394 398 391
1 388
2 385 397
1 384
2 392 394
1 380
4 397 385 384 395
2 392 383
4 384 386 394 387
1 393
2 386 384
1 405
3 409 403 405
2 407 405
3 404 403 401
5 400 406 413 402 409
4 405 415 399 401
3 417 405 407
2 401 406
3 407 400 402
2 417 412
2 411 416
2 400 410
3 404 410 407
4 409 403 405 408
1 414
1 413
1 411
2 407 402
2 408 415
2 418 422
2 418 424
2 419 420
1 434
1 425
2 429 435
1 428
5 420 436 422 430 421
2 428 421
1 423
1 432
2 433 429
2 424 426
2 425 430
1 431
4 423 420 424 430
2 427 431
2 422 435
2 436 427
3 440 455 448
3 450 449 453
3 452 446 449
2 455 437
1 441
1 443
3 453 447 443
2 440 450
2 439 450
2 444 440
1 449
3 442 437 454
4 439 438 442 440
4 445 446 454 447
2 437 449
2 444 446
2 442 451
1 438
1 453
1 474
1 472
1 457
2 463 467
1 460
2 464 468
4 465 472 474 473
3 457 464 470
1 463
3 466 462 465
5 456 471 461 462 473
2 472 471
2 458 472
2 466 456
1 469
3 466 468 465
2 468 460
2 458 459
3 462 460 467
1 491
2 484 490
3 484 479 480
2 485 491
2 487 490
1 478
1 477
3 475 476 489
4 476 482 481 486
2 481 482
2 492 489
3 476 481 493
1 481
1 488
2 483 491
1 479
3 492 490 489
3 492 481 489
3 485 477 475
1 509
2 495 501
1 500
2 507 497
2 494 495
1 505
1 501
3 508 504 502
3 497 499 494
2 498 508
4 508 503 497 495
3 511 496 502
2 507 512
2 508 497
2 504 511
2 510 502
1 506
3 504 500 510
3 502 504 508
1 523
1 517
1 531
2 524 522
6 529 525 515 526 528 520
1 518
1 520
2 524 516
2 521 530
1 519
2 521 529
2 527 523
1 526
3 524 516 528
1 521
1 514
1 515
2 524 513
1 528
1 535
2 548 544
4 543 550 544 532
3 546 550 543
1 538
3 536 539 549
1 542
1 547
2 541 532
3 540 542 546
3 538 537 545
1 539
1 540
3 550 541 534
2 550 548
2 545 537
2 540 533
4 542 536 537 541
3 541 542 534
1 558
1 553
1 568
5 562 561 564 563 565
2 553 551
6 554 566 563 557 561 558
1 557
4 559 563 565 554
1 560
1 556
3 564 558 552
1 565
2 567 558
2 564 569
2 555 564
2 560 554
1 564
3 560 559 553
1 561
1 576
1 579
4 584 572 573 571
1 578
2 577 571
2 587 588
2 587 574
3 587 583 572
3 583 573 579
2 584 577
2 586 585
5 578 580 584 572 581
2 580 587
3 585 587 580
1 575
3 587 570 588
4 570 577 582 573
2 573 577
2 576 585
3 604 600 598
2 593 606
2 604 598
2 604 602
2 595 605
2 597 589
3 606 607 592
1 592
3 601 589 591
2 597 593
4 604 601 594 602
1 603
4 595 600 593 591
1 593
2 601 605
2 603 594
3 598 600 596
3 590 593 595
2 599 594
1 617
2 624 621
2 609 618
2 626 625
2 622 608
1 615
3 618 622 624
1 614
2 616 610
1 611
1 623
5 624 619 608 613 612
4 613 623 618 620
2 612 610
4 614 625 624 622
4 626 609 610 615
1 612
1 624
3 610 611 620
4 636 637 634 630
1 642
1 627
2 645 635
1 644
1 636
2 644 632
1 628
1 638
1 630
3 635 633 640
5 639 631 636 629 634
1 635
2 644 643
1 629
2 643 634
2 630 640
3 627 639 644
3 633 634 641
1 663
2 651 650
4 655 659 657 649
5 651 659 653 661 654
4 654 650 649 646
3 648 654 661
2 654 652
3 648 658 650
1 662
3 646 656 657
2 647 654
1 656
2 662 648
1 660
1 664
1 659
1 653
3 652 658 661
3 655 652 662
2 680 679
2 668 672
2 674 670
3 674 683 670
1 668
1 676
2 665 666
3 675 679 669
1 681
1 665
2 676 671
1 673
3 669 667 666
1 683
1 678
2 675 677
1 677
1 679
1 682
1 698
2 695 687
2 685 697
4 701 689 691 692
1 700
1 690
2 696 685
2 686 697
1 691
1 699
1 688
2 689 692
1 702
1 696
1 684
3 694 698 688
2 701 688
1 693
3 687 693 701
2 720 721
4 704 710 707 703
5 715 716 720 711 705
1 717
1 711
3 713 709 714
3 716 712 709
2 713 716
3 708 707 715
2 711 714
2 715 712
4 716 709 712 718
1 718
1 720
2 719 711
2 703 710
4 704 706 709 715
2 708 716
2 706 704
4 726 737 736 731
1 740
3 727 722 724
3 728 729 732
3 724 734 737
3 732 725 730
2 731 736
3 731 737 735
2 739 735
1 723
2 730 734
2 729 738
1 739
1 727
2 733 735
4 727 733 736 728
2 724 730
3 738 737 734
3 723 726 727
2 744 754
1 751
3 747 743 754
2 749 741
2 742 745
2 745 750
4 747 759 753 748
3 746 744 742
3 743 745 754
4 758 747 753 750
3 756 750 741
1 750
2 756 741
3 746 756 744
3 753 741 752
3 741 759 754
4 756 752 758 749
3 745 757 759
2 755 747
4 770 771 761 763
3 765 762 760
3 770 760 761
2 765 763
1 767
1 766
1 777
2 774 762
2 778 776
1 769
4 776 775 762 771
2 764 772
1 773
1 764
2 775 768
2 771 761
3 768 775 765
3 764 776 769
1 770
2 782 786
1 787
3 792 786 796
3 788 795 786
3 781 787 785
3 792 779 785
2 788 781
1 784
2 783 796
1 797
3 785 788 780
2 783 794
4 784 782 789 783
1 779
2 791 788
1 790
2 783 782
3 789 792 793
2 789 782
4 812 815 811 808
3 811 803 815
2 814 801
2 810 806
2 811 803
2 804 807
3 815 798 805
1 816
2 800 806
3 801 798 809
1 802
2 808 807
1 804
2 799 810
4 814 816 813 811
3 810 811 806
1 810
1 809
2 801 803
5 823 817 830 822 832
4 835 819 827 825
1 822
3 819 820 829
2 824 827
3 831 822 823
5 818 827 822 830 832
1 826
1 829
3 825 821 819
2 824 835
2 825 833
2 823 818
3 827 823 818
1 820
1 832
2 828 827
2 834 827
1 817
1 847
3 836 851 854
2 845 849
2 852 847
2 836 849
1 843
2 839 838
3 843 850 838
3 853 849 838
1 844
2 848 836
3 842 847 852
2 845 846
4 836 844 851 840
2 854 839
2 849 837
3 841 844 845
1 840
1 850
1 863
1 860
2 861 869
1 870
6 873 867 858 862 872 871
3 859 865 869
3 871 856 858
1 869
3 863 858 864
5 861 858 855 862 869
4 872 868 873 864
1 868
1 857
4 861 857 856 863
2 868 866
2 870 865
3 867 860 870
3 873 862 864
2 860 872
2 887 880
2 878 881
2 878 874
2 877 885
2 880 883
2 882 879
2 886 876
2 892 885
2 884 875
3 889 880 879
4 881 884 889 886
2 891 888
2 890 892
2 884 891
2 889 880
1 883
1 886
4 879 885 889 891
2 890 884
2 911 896
2 908 906
2 908 902
5 903 910 895 904 897
2 898 900
1 903
4 899 900 907 893
4 903 902 899 893
1 901
1 905
3 900 898 901
2 911 899
1 904
3 896 911 893
2 908 897
2 908 894
3 900 907 910
2 909 907
2 901 897
4 914 924 925 930
3 926 912 929
3 922 913 920
3 918 917 919
2 918 927
2 915 913
2 917 922
2 925 915
3 918 917 923
3 923 930 924
2 915 921
4 916 922 923 912
3 916 917 923
3 920 917 930
3 924 927 926
2 919 929
3 919 928 913
2 912 925
1 914
4 937 935 938 933
4 943 934 931 946
1 946
1 931
1 939
4 936 947 935 937
2 933 936
1 944
3 945 932 946
2 948 931
1 938
2 945 940
2 932 934
1 942
4 949 947 937 942
1 941
2 943 936
1 932
2 935 947
1 965
1 960
2 955 959
1 966
1 959
2 961 967
4 954 950 968 952
2 952 963
3 963 951 960
3 953 958 964
4 956 958 965 959
2 956 968
2 966 967
2 962 964
1 962
1 950
3 957 958 955
3 952 955 963
4 956 967 961 953
2 973 974
1 971
2 984 979
1 978
1 982
1 983
2 975 974
2 970 987
2 986 977
1 976
2 980 981
4 986 972 985 971
1 985
2 975 977
1 981
4 973 986 969 976
1 984
3 986 970 985
3 984 983 972
3 995 1001 989
2 997 1002
2 989 996
1 988
2 997 1006
1 1004
1 992
1 997
1 999
2 1004 993
1 1003
2 1002 1001
2 991 989
4 1000 993 994 992
1 1000
2 995 990
2 998 1006
2 988 990
1 1005
5 1021 1013 1008 1010 1017
1 1025
1 1010
2 1023 1015
1 1020
3 1008 1019 1013
1 1019
1 1012
3 1017 1007 1023
1 1009
2 1024 1014
2 1016 1024
4 1014 1017 1016 1013
4 1010 1015 1018 1023
1 1007
1 1021
1 1015
1 1011
2 1022 1023
1 1031
2 1032 1036
2 1026 1039
2 1026 1041
2 1036 1038
2 1036 1040
1 1042
2 1029 1040
4 1043 1030 1027 1036
1 1027
1 1034
2 1028 1040
1 1037
4 1044 1030 1042 1033
2 1044 1032
1 1043
3 1029 1044 1038
1 1026
1 1035
3 1052 1046 1054
3 1046 1059 1062
3 1052 1056 1045
3 1054 1050 1060
5 1056 1051 1057 1049 1061
2 1063 1045
3 1058 1061 1057
2 1061 1051
1 1055
2 1048 1051
1 1060
4 1056 1049 1057 1058
2 1053 1052
3 1045 1056 1053
1 1049
2 1051 1047
1 1056
1 1062
3 1061 1059 1057
2 1079 1071
1 1072
1 1073
5 1080 1067 1064 1075 1076
1 1078
1 1074
2 1070 1080
1 1067
1 1077
3 1065 1072 1067
2 1079 1081
2 1076 1080
3 1065 1082 1071
2 1073 1064
1 1066
3 1081 1069 1078
3 1071 1065 1081
2 1072 1080
1 1068
1 1101
2 1088 1093
3 1087 1084 1098
2 1086 1094
2 1089 1084
4 1089 1098 1091 1096
4 1089 1093 1096 1095
2 1086 1090
3 1091 1099 1098
1 1085
1 1092
3 1083 1099 1100
3 1088 1097 1083
2 1085 1093
4 1090 1086 1098 1084
2 1095 1088
4 1088 1083 1092 1091
4 1100 1096 1092 1101
1 1100
1 1106
3 1111 1110 1107
3 1106 1108 1114
4 1118 1107 1108 1120
3 1120 1113 1111
1 1105
2 1107 1104
6 1102 1108 1116 1118 1112 1117
4 1107 1115 1103 1114
3 1113 1102 1117
4 1102 1113 1112 1115
2 1103 1116
1 1116
1 1108
4 1118 1111 1110 1102
2 1110 1109
2 1111 1119
1 1120
3 1117 1119 1113
3 1125 1124 1127
2 1132 1129
1 1126
5 1133 1123 1121 1125 1127
1 1122
1 1128
7 1134 1121 1124 1127 1123 1137 1136
1 1132
2 1134 1125
1 1130
1 1123
1 1139
1 1138
2 1133 1134
1 1137
2 1135 1136
2 1131 1125
2 1127 1130
1 1135
1 1142
3 1153 1143 1150
1 1140
1 1156
1 1158
3 1158 1154 1141
2 1147 1143
1 1145
4 1145 1156 1153 1150
2 1157 1146
3 1153 1142 1151
2 1150 1154
1 1157
2 1144 1156
3 1148 1155 1157
1 1149
3 1147 1155 1141
3 1141 1155 1150
1 1152
1 1163
3 1166 1167 1163
1 1176
2 1168 1159
2 1170 1167
1 1159
2 1159 1160
3 1166 1167 1174
4 1163 1169 1159 1167
4 1170 1163 1162 1177
4 1174 1164 1171 1161
2 1173 1174
4 1171 1173 1170 1177
1 1165
3 1175 1159 1172
2 1170 1172
2 1164 1172
2 1159 1169
2 1172 1177
3 1187 1193 1190
2 1191 1189
4 1187 1178 1181 1183
2 1194 1187
4 1196 1180 1187 1178
4 1180 1191 1192 1188
1 1188
2 1184 1181
2 1180 1194
3 1178 1196 1179
1 1192
2 1186 1188
1 1193
3 1184 1183 1182
3 1195 1184 1186
1 1196
1 1184
4 1190 1193 1195 1185
3 1185 1182 1181
1 1208
1 1204
2 1199 1213
2 1203 1201
1 1197
1 1215
4 1200 1198 1210 1212
3 1203 1199 1204
1 1212
3 1206 1213 1201
5 1204 1212 1198 1201 1202
2 1210 1214
2 1210 1211
3 1203 1207 1210
1 1200
2 1213 1214
2 1201 1205
2 1208 1209
3 1203 1211 1197
2 1226 1230
2 1223 1219
1 1227
2 1221 1222
3 1224 1217 1226
1 1218
2 1232 1233
2 1222 1234
2 1233 1223
2 1226 1224
3 1218 1220 1216
2 1230 1219
3 1220 1234 1226
1 1225
5 1232 1229 1231 1225 1221
2 1217 1231
2 1231 1223
3 1233 1220 1221
3 1228 1221 1227
2 1246 1242
2 1241 1240
1 1248
2 1244 1240
2 1250 1244
2 1250 1243
2 1251 1241
1 1240
2 1236 1249
3 1237 1236 1242
3 1238 1248 1246
2 1247 1244
1 1245
2 1235 1249
1 1253
1 1237
2 1250 1239
2 1252 1250
1 1246
1 1262
3 1263 1264 1266
2 1261 1272
1 1271
3 1264 1260 1259
4 1268 1255 1260 1256
3 1270 1259 1272
3 1263 1268 1267
2 1254 1261
3 1257 1258 1262
1 1266
2 1255 1257
3 1272 1262 1257
2 1266 1256
2 1257 1263
1 1263
2 1265 1269
2 1265 1269
2 1270 1259
2 1286 1282
2 1279 1287
2 1279 1275
3 1291 1289 1276
4 1281 1280 1289 1284
1 1276
1 1273
1 1288
1 1285
1 1280
5 1273 1285 1287 1283 1288
2 1283 1290
3 1287 1279 1275
2 1282 1274
2 1288 1277
1 1274
1 1278
1 1284
3 1275 1281 1289
2 1303 1297
2 1305 1296
1 1309
1 1294
1 1304
3 1301 1310 1302
3 1297 1306 1310
1 1302
3 1293 1307 1298
2 1298 1294
3 1292 1307 1300
1 1307
1 1301
2 1308 1292
2 1296 1299
2 1295 1307
1 1305
3 1298 1295 1308
2 1304 1306
4 1326 1318 1322 1314
1 1315
3 1325 1323 1311
1 1316
2 1319 1314
3 1316 1318 1329
2 1317 1325
1 1327
2 1311 1313
2 1328 1329
2 1314 1320
3 1324 1312 1316
1 1321
2 1328 1326
4 1315 1321 1326 1312
3 1312 1311 1324
1 1313
1 1325
4 1323 1313 1319 1312
4 1331 1343 1333 1339
2 1339 1342
2 1336 1345
1 1338
2 1331 1330
2 1348 1339
1 1331
3 1337 1341 1339
3 1345 1344 1332
2 1333 1339
1 1346
2 1347 1333
2 1335 1340
2 1348 1340
2 1344 1345
5 1336 1332 1333 1337 1338
3 1337 1340 1333
4 1341 1332 1334 1340
3 1333 1339 1330
4 1367 1353 1352 1355
1 1365
2 1355 1356
2 1357 1367
3 1359 1350 1349
3 1366 1359 1360
2 1362 1357
2 1351 1349
3 1351 1367 1359
1 1360
3 1349 1350 1366
1 1352
4 1363 1365 1350 1354
2 1354 1357
1 1364
3 1363 1358 1357
4 1360 1357 1361 1350
1 1356
2 1359 1358
3 1368 1383 1382
3 1378 1376 1383
1 1370
2 1371 1368
2 1372 1375
2 1374 1380
1 1368
3 1373 1378 1369
2 1385 1375
5 1375 1386 1381 1377 1378
1 1381
3 1374 1380 1386
3 1384 1383 1380
1 1369
5 1382 1372 1383 1375 1378
3 1375 1379 1386
5 1384 1381 1376 1373 1380
3 1378 1380 1383
1 1375
2 1402 1394
2 1401 1394
2 1388 1393
2 1405 1403
3 1396 1398 1404
1 1390
2 1398 1387
2 1395 1399
4 1394 1400 1401 1403
1 1404
1 1397
3 1388 1390 1396
4 1403 1390 1404 1400
1 1396
5 1403 1396 1401 1404 1395
2 1391 1392
4 1399 1391 1393 1397
3 1387 1401 1389
1 1399
4 1424 1408 1419 1410
2 1424 1411
1 1423
2 1410 1422
3 1415 1406 1416
3 1408 1411 1414
1 1420
3 1416 1406 1421
2 1419 1422
5 1421 1423 1413 1416 1410
2 1421 1418
1 1407
1 1415
2 1413 1418
1 1412
2 1414 1419
3 1417 1419 1411
3 1416 1414 1409
2 1410 1413
1 1442
2 1441 1425
6 1437 1429 1434 1441 1426 1439
2 1430 1431
1 1428
3 1429 1425 1443
3 1437 1427 1443
4 1427 1426 1437 1441
1 1434
1 1427
1 1436
2 1433 1427
4 1434 1440 1435 1441
2 1429 1439
3 1442 1426 1435
2 1430 1438
2 1436 1437
2 1435 1438
2 1425 1432
3 1445 1462 1457
3 1451 1459 1448
2 1455 1446
2 1460 1453
1 1449
2 1446 1454
3 1457 1454 1459
4 1452 1460 1456 1448
2 1457 1450
1 1445
2 1457 1450
3 1462 1460 1447
1 1454
3 1450 1461 1457
2 1458 1457
1 1448
2 1447 1460
1 1444
2 1452 1454
1 1473
1 1464
1 1465
3 1475 1477 1473
4 1467 1471 1480 1468
2 1479 1481
3 1475 1481 1469
3 1476 1473 1468
2 1466 1475
5 1480 1475 1474 1477 1470
1 1476
3 1478 1467 1474
2 1466 1469
2 1474 1463
2 1474 1465
2 1472 1470
3 1467 1464 1474
1 1471
4 1468 1477 1464 1474
1 1492
5 1491 1487 1483 1494 1495
1 1485
2 1493 1489
3 1494 1497 1493
2 1498 1496
2 1495 1499
2 1485 1488
2 1486 1494
3 1487 1484 1498
4 1500 1492 1485 1490
2 1499 1497
3 1500 1498 1497
2 1489 1486
4 1495 1500 1494 1485
3 1489 1493 1482
4 1493 1500 1484 1486
2 1490 1500
2 1483 1493
2 1506 1510
1 1518
2 1511 1516
2 1501 1513
1 1507
2 1509 1519
3 1502 1515 1503
2 1505 1502
3 1501 1512 1519
1 1515
2 1519 1501
3 1510 1517 1509
3 1519 1514 1504
2 1503 1518
4 1503 1509 1510 1516
4 1506 1513 1516 1511
2 1505 1514
4 1504 1512 1513 1518
1 1508
1 1525
2 1523 1524
2 1537 1536
3 1535 1538 1522
2 1530 1537
1 1527
1 1521
2 1521 1534
1 1531
3 1533 1521 1529
2 1526 1533
2 1533 1537
3 1538 1531 1532
1 1520
1 1528
3 1531 1525 1529
2 1521 1522
2 1522 1523
3 1529 1532 1528
1 1543
1 1539
1 1542
2 1541 1553
2 1547 1550
2 1554 1550
2 1554 1540
2 1555 1547
2 1544 1551
1 1557
1 1556
1 1545
2 1546 1543
3 1555 1548 1554
2 1555 1544
3 1544 1539 1552
2 1544 1552
1 1549
1 1541
4 1567 1562 1575 1569
1 1572
3 1574 1558 1560
2 1567 1563
2 1564 1559
2 1573 1567
1 1565
3 1560 1573 1565
3 1573 1572 1562
1 1562
3 1575 1571 1573
5 1562 1573 1569 1558 1575
4 1567 1569 1575 1561
2 1572 1569
2 1568 1563
1 1566
2 1576 1570
2 1570 1563
2 1567 1559
3 1588 1584 1581
4 1592 1582 1578 1587
1 1585
2 1591 1583
2 1578 1589
4 1588 1590 1587 1578
1 1595
3 1582 1580 1578
1 1577
3 1591 1590 1580
3 1586 1585 1579
3 1588 1586 1587
2 1587 1577
2 1583 1580
2 1584 1581
3 1586 1581 1589
2 1585 1594
1 1592
4 1592 1586 1593 1579
1 1597
1 1602
2 1608 1613
1 1608
1 1601
1 1614
1 1604
4 1600 1599 1605 1596
2 1601 1603
2 1608 1610
3 1598 1604 1596
2 1603 1600
2 1612 1606
2 1601 1607
2 1605 1614
2 1607 1598
3 1606 1609 1614
2 1612 1600
2 1600 1611
1 1623
1 1620
2 1619 1629
1 1615
2 1616 1618
3 1628 1621 1633
1 1628
2 1618 1631
2 1633 1622
2 1627 1624
2 1630 1615
1 1625
1 1622
1 1624
4 1620 1626 1624 1625
1 1616
2 1617 1633
3 1619 1633 1627
2 1632 1625
1 1637
3 1647 1644 1638
1 1636
2 1641 1651
4 1643 1641 1649 1648
1 1651
2 1640 1644
5 1640 1652 1650 1646 1634
3 1646 1651 1649
2 1640 1642
2 1647 1635
1 1648
4 1644 1635 1634 1640
4 1652 1651 1650 1634
4 1637 1643 1644 1652
1 1652
3 1646 1651 1635
1 1645
1 1639
1 1671
1 1670
2 1655 1664
4 1658 1661 1667 1662
5 1653 1654 1655 1656 1665
1 1667
3 1663 1669 1665
2 1665 1670
2 1670 1666
2 1670 1658
1 1661
2 1659 1654
1 1663
1 1660
1 1664
4 1655 1659 1661 1666
4 1655 1656 1668 1667
1 1653
1 1657
2 1673 1679
1 1678
2 1679 1687
1 1684
2 1683 1681
2 1681 1682
2 1675 1680
1 1681
2 1683 1672
1 1690
3 1677 1684 1688
3 1674 1687 1672
3 1689 1677 1690
1 1676
2 1675 1686
2 1676 1685
2 1685 1675
1 1674
1 1688
1 1700
1 1695
2 1707 1692
3 1701 1699 1700
2 1691 1695
5 1708 1692 1707 1700 1706
1 1701
1 1708
2 1698 1709
2 1700 1707
4 1693 1698 1700 1705
2 1702 1694
2 1703 1704
2 1695 1693
3 1708 1703 1697
2 1697 1703
1 1705
2 1701 1702
1 1696
2 1722 1715
1 1718
2 1710 1728
1 1719
3 1715 1723 1717
1 1715
2 1726 1711
4 1726 1723 1719 1715
5 1725 1727 1718 1717 1722
1 1714
2 1727 1712
4 1723 1722 1719 1728
2 1727 1713
1 1724
2 1728 1716
1 1720
1 1727
2 1721 1710
1 1723
1 1744
1 1742
4 1736 1730 1735 1737
1 1729
2 1734 1740
1 1743
4 1740 1729 1732 1731
1 1731
3 1741 1745 1742
1 1746
3 1731 1730 1735
1 1745
4 1740 1734 1739 1732
2 1736 1729
1 1739
3 1736 1733 1745
1 1738
2 1747 1733
3 1733 1738 1737
3 1750 1748 1765
3 1750 1752 1754
2 1752 1758
1 1763
2 1760 1749
3 1756 1753 1751
2 1762 1754
3 1757 1762 1748
2 1761 1765
2 1749 1748
3 1749 1759 1751
2 1764 1757
2 1756 1766
3 1749 1754 1760
1 1753
2 1754 1764
2 1761 1758
4 1759 1751 1764 1762
3 1751 1755 1762
1 1776
2 1770 1783
2 1783 1781
2 1767 1775
2 1776 1781
1 1782
3 1772 1785 1768
4 1783 1771 1772 1778
2 1771 1767
2 1769 1777
1 1768
2 1785 1775
2 1780 1772
4 1778 1776 1781 1777
3 1773 1783 1770
2 1774 1776
1 1784
1 1785
1 1779
2 1798 1794
3 1787 1793 1800
3 1786 1792 1803
2 1802 1795
1 1791
2 1804 1792
2 1791 1792
1 1795
2 1800 1796
3 1789 1803 1794
2 1786 1797
2 1792 1799
3 1790 1797 1793
2 1796 1788
1 1787
1 1796
2 1803 1801
1 1789
4 1791 1798 1800 1794
3 1823 1808 1822
2 1807 1806
3 1817 1820 1806
2 1812 1821
1 1818
2 1809 1819
3 1822 1806 1815
2 1813 1812
1 1820
2 1811 1810
2 1819 1822
2 1806 1816
2 1813 1821
3 1808 1823 1813
2 1809 1818
2 1817 1805
2 1815 1811
1 1814
3 1818 1815 1810
2 1835 1829
2 1826 1827
3 1831 1830 1826
2 1825 1836
3 1828 1833 1841
1 1841
1 1828
1 1832
2 1838 1835
1 1842
1 1829
1 1830
2 1835 1839
2 1825 1837
4 1827 1841 1835 1838
3 1834 1836 1825
1 1840
1 1824
2 1825 1836
4 1857 1845 1854 1843
3 1844 1857 1854
4 1851 1861 1860 1850
2 1860 1855
2 1847 1851
1 1851
1 1853
2 1856 1844
2 1859 1855
4 1857 1858 1861 1850
1 1849
5 1857 1843 1855 1861 1853
1 1861
1 1848
1 1858
1 1854
2 1853 1844
3 1848 1857 1852
3 1857 1846 1847
2 1870 1866
2 1863 1875
1 1871
1 1863
2 1864 1866
1 1877
2 1864 1873
2 1880 1867
1 1874
6 1864 1866 1867 1862 1875 1877
3 1878 1868 1879
2 1868 1866
2 1869 1870
2 1866 1878
3 1877 1876 1869
1 1862
1 1865
2 1872 1864
3 1876 1864 1873
2 1890 1898
4 1894 1887 1897 1884
2 1897 1896
1 1884
1 1899
3 1883 1899 1893
3 1886 1891 1897
3 1887 1886 1889
2 1899 1898
1 1891
1 1888
3 1894 1885 1881
2 1896 1895
1 1892
2 1881 1899
2 1885 1899
3 1896 1898 1882
2 1882 1895
2 1893 1885
4 1905 1903 1900 1909
3 1906 1914 1913
1 1915
3 1912 1909 1915
2 1906 1915
3 1913 1908 1902
1 1911
1 1907
2 1903 1901
4 1907 1904 1906 1903
1 1910
3 1913 1910 1902
1 1901
1 1914
2 1908 1918
1 1905
1 1917
2 1909 1917
3 1916 1910 1902
4 1932 1933 1936 1923
2 1919 1936
1 1921
2 1931 1936
1 1933
4 1928 1922 1924 1919
3 1924 1933 1922
2 1934 1922
1 1937
4 1922 1920 1923 1936
3 1936 1930 1924
3 1937 1920 1935
2 1926 1920
1 1925
3 1929 1927 1922
2 1924 1929
1 1935
2 1934 1926
2 1929 1931
1 1954
1 1952
1 1950
4 1952 1954 1947 1945
1 1948
2 1956 1940
2 1953 1945
4 1945 1939 1938 1941
1 1943
1 1942
1 1951
3 1944 1939 1941
3 1946 1940 1953
1 1944
1 1940
1 1946
2 1938 1948
2 1955 1949
5 1942 1951 1943 1949 1947
2 1957 1967
4 1970 1966 1957 1975
1 1966
2 1965 1972
4 1959 1972 1958 1971
2 1960 1961
2 1970 1961
3 1967 1975 1969
2 1959 1973
2 1959 1962
2 1973 1969
2 1973 1967
1 1974
2 1965 1963
1 1970
2 1971 1970
2 1966 1964
1 1968
2 1965 1960
1 1981
2 1979 1985
3 1991 1992 1989
2 1991 1982
3 1984 1981 1985
1 1991
2 1978 1990
1 1979
4 1986 1980 1987 1994
4 1989 1981 1986 1983
1 1993
3 1984 1991 1977
1 1987
3 1994 1993 1989
3 1977 1988 1978
3 1988 1991 1983
2 1986 1988
3 1988 1976 1978
1 1976
2 2004 2007
2 2001 1995
1 2010
1 1997
2 2011 2003
2 1999 1995
3 1995 1998 2009
1 2012
2 2004 2000
2 1999 2008
2 1996 1995
2 2011 1999
2 1996 2013
1 2005
1 2007
3 1997 1996 2011
3 2010 2005 1998
1 2006
2 2002 2008
3 2027 2015 2023
2 2022 2028
2 2017 2014
2 2021 2024
2 2024 2017
5 2018 2019 2026 2031 2025
1 2016
1 2023
2 2019 2029
2 2030 2014
3 2023 2025 2031
1 2026
1 2031
2 2030 2015
2 2022 2016
1 2018
2 2014 2024
2 2020 2026
4 2028 2022 2025 2032
4 2048 2051 2033 2044
3 2047 2038 2044
1 2043
2 2040 2046
2 2038 2033
1 2049
1 2034
1 2045
2 2034 2039
2 2050 2040
2 2050 2041
4 2033 2037 2049 2046
2 2047 2036
1 2044
1 2048
1 2035
2 2033 2048
5 2034 2046 2042 2047 2038
1 2050
3 2062 2067 2053
1 2066
2 2062 2054
1 2069
2 2065 2068
3 2056 2064 2057
2 2059 2052
2 2058 2052
2 2070 2055
1 2060
1 2059
2 2062 2061
1 2065
3 2070 2062 2058
3 2055 2069 2057
3 2059 2055 2065
3 2055 2062 2067
1 2056
1 2063
1 2087
3 2086 2084 2076
2 2079 2075
3 2076 2082 2089
4 2086 2079 2073 2081
1 2082
1 2077
3 2072 2074 2084
2 2084 2073
1 2075
4 2074 2071 2083 2084
2 2083 2088
4 2087 2083 2085 2086
3 2080 2072 2078
1 2076
3 2079 2082 2080
3 2086 2072 2071
4 2080 2081 2075 2078
2 2087 2083
4 2102 2090 2094 2098
2 2095 2103
4 2102 2104 2090 2096
1 2094
2 2100 2096
1 2097
3 2101 2094 2106
4 2102 2103 2098 2091
1 2107
2 2107 2101
1 2103
4 2093 2104 2102 2090
2 2105 2107
1 2108
2 2099 2093
1 2091
4 2091 2107 2104 2093
2 2100 2097
2 2095 2092
2 2110 2126
1 2120
1 2122
1 2121
3 2125 2124 2118
3 2112 2115 2109
2 2115 2114
3 2119 2121 2125
2 2116 2127
1 2127
3 2116 2118 2126
1 2123
2 2125 2112
2 2125 2117
1 2117
2 2109 2118
5 2123 2127 2126 2110 2115
1 2111
2 2122 2113
4 2137 2140 2129 2132
3 2144 2139 2146
1 2138
1 2136
4 2137 2131 2136 2146
3 2139 2130 2133
1 2139
1 2140
1 2143
4 2138 2130 2136 2145
2 2132 2142
2 2137 2143
2 2134 2137
2 2145 2140
4 2135 2146 2139 2143
3 2144 2138 2129
3 2139 2141 2140
2 2132 2145
3 2146 2132 2128
1 2157
3 2164 2149 2151
2 2159 2163
2 2160 2152
5 2155 2164 2154 2161 2147
2 2147 2150
2 2147 2160
1 2159
4 2149 2152 2155 2164
2 2162 2158
3 2165 2151 2159
1 2154
1 2153
4 2152 2161 2158 2147
2 2165 2161
1 2156
2 2164 2156
1 2150
1 2148
3 2169 2174 2170
3 2173 2183 2170
3 2168 2178 2184
1 2179
1 2176
2 2177 2166
3 2183 2175 2180
5 2184 2176 2182 2180 2171
1 2167
1 2170
1 2169
2 2168 2180
2 2181 2182
2 2171 2175
1 2175
3 2176 2169 2184
1 2172
4 2175 2183 2176 2177
1 2180
3 2185 2189 2197
2 2187 2199
2 2189 2196
5 2188 2187 2200 2191 2190
2 2203 2200
1 2193
1 2192
1 2203
1 2189
2 2197 2186
1 2198
3 2194 2200 2202
1 2201
3 2186 2190 2199
2 2185 2195
2 2193 2195
1 2188
3 2191 2192 2194
3 2189 2200 2202
4 2207 2211 2210 2218
3 2206 2217 2220
2 2221 2209
2 2205 2217
3 2211 2215 2213
2 2210 2222
1 2218
2 2204 2205
1 2220
2 2222 2215
1 2208
2 2221 2206
2 2222 2213
1 2205
2 2205 2211
3 2216 2213 2221
2 2204 2219
2 2212 2213
2 2214 2213
3 2234 2224 2233
2 2241 2223
3 2231 2229 2224
1 2232
2 2240 2238
3 2228 2241 2229
4 2224 2226 2227 2230
2 2234 2237
1 2236
2 2229 2226
2 2225 2229
3 2238 2239 2227
1 2223
2 2229 2239
1 2230
1 2234
4 2239 2227 2235 2226
1 2228
2 2238 2232
4 2244 2242 2249 2256
3 2256 2253 2260
2 2258 2252
4 2257 2249 2253 2255
2 2249 2256
2 2247 2255
2 2251 2253
1 2259
4 2242 2245 2243 2244
1 2248
4 2256 2257 2243 2260
1 2252
1 2254
1 2255
3 2247 2246 2260
3 2250 2243 2257
2 2256 2242
2 2255 2243
4 2260 2247 2258 2253
3 2278 2268 2272
2 2272 2275
1 2264
2 2275 2268
2 2271 2263
3 2272 2262 2274
1 2277
2 2275 2267
2 2269 2268
2 2265 2268
3 2275 2278 2261
1 2270
3 2273 2276 2272
4 2261 2267 2262 2275
2 2266 2265
2 2278 2264
1 2273
2 2273 2279
2 2271 2265
1 2280
1 2292
2 2298 2285
1 2283
2 2289 2287
3 2280 2295 2285
3 2290 2283 2298
3 2285 2288 2295
3 2284 2298 2295
3 2284 2296 2293
1 2282
2 2284 2291
2 2289 2285
3 2281 2287 2293
2 2289 2293
2 2294 2280
3 2290 2285 2297
2 2286 2290
1 2288
3 2315 2312 2316
3 2310 2308 2312
2 2308 2314
2 2307 2317
3 2309 2306 2314
4 2316 2315 2312 2303
1 2299
3 2310 2317 2308
3 2315 2316 2301
2 2305 2315
3 2312 2299 2316
3 2304 2302 2300
2 2303 2310
3 2311 2310 2306
3 2307 2304 2313
3 2302 2315 2313
1 2309
1 2311
1 2304
2 2331 2328
3 2326 2335 2318
3 2330 2336 2332
2 2321 2328
1 2324
1 2328
2 2334 2327
2 2320 2323
2 2321 2320
1 2333
2 2319 2320
1 2330
2 2327 2336
2 2325 2323
1 2336
1 2326
1 2335
2 2333 2322
2 2335 2329
