20 20 18 391
1 24
2 39 24
3 24 39 36
4 39 36 26 24
5 24 28 39 36 26
6 29 28 26 36 39 24
7 31 24 36 28 29 26 39
8 26 29 25 36 31 39 28 24
9 31 29 21 26 28 24 36 25 39
10 22 24 29 31 26 39 28 21 25 36
11 22 26 34 28 24 29 21 36 25 31 39
12 28 22 29 26 39 33 25 34 31 24 36 21
13 33 25 36 31 26 21 37 24 29 22 34 28 39
14 24 30 31 22 36 26 33 37 25 34 28 29 39 21
15 34 22 30 35 29 26 37 33 31 36 39 25 24 21 28
16 30 28 33 22 21 25 35 34 36 26 39 31 38 29 37 24
17 24 31 28 26 33 25 35 30 37 21 23 22 36 39 29 34 38
18 23 24 21 31 33 39 38 25 35 28 37 27 22 30 34 26 36 29
20 28 20 29 33 21 24 37 36 39 26 38 22 34 30 27 31 25 23 35 32
19 35 30 37 23 31 27 22 28 34 26 38 21 24 36 39 25 32 33 29
20 45 59 52 44 54 43 48 47 57 56 41 51 49 50 42 58 53 40 55 46
1 49
2 49 45
3 45 52 49
4 45 48 49 52
5 48 55 45 49 52
6 55 45 49 48 43 52
7 55 48 44 45 52 43 49
8 49 42 44 52 45 55 48 43
9 57 43 52 45 49 44 55 48 42
10 44 59 48 43 55 45 49 52 57 42
11 59 57 45 43 49 54 55 52 48 44 42
12 54 55 57 48 52 50 45 59 44 43 49 42
13 59 44 50 42 45 51 43 55 49 48 54 52 57
14 48 52 50 44 53 43 51 42 57 49 59 55 45 54
15 52 50 59 54 55 45 49 44 53 48 42 43 51 57 46
16 53 49 50 45 55 57 54 46 51 44 43 42 52 48 59 47
17 55 53 52 41 45 54 46 48 42 51 50 57 47 59 44 43 49
18 52 42 50 55 46 45 54 57 59 40 48 43 44 47 49 51 41 53
19 48 56 53 41 55 42 54 59 40 45 46 43 47 51 50 44 57 52 49
1 61
2 61 68
3 75 68 61
4 78 75 68 61
5 75 78 61 68 74
6 78 75 63 74 68 61
7 74 61 69 63 68 75 78
8 63 61 75 78 68 69 64 74
9 68 78 63 61 64 75 60 74 69
10 69 61 71 63 64 75 60 78 68 74
11 64 60 71 69 75 68 63 74 61 78 79
12 68 61 63 69 78 64 71 77 79 60 75 74
13 68 78 61 60 74 64 77 65 63 69 71 75 79
14 63 75 69 74 73 60 71 64 78 77 61 65 79 68
15 66 63 77 69 79 61 71 78 65 73 60 64 74 68 75
16 66 74 65 60 79 61 71 75 68 69 73 70 78 64 63 77
17 66 75 64 63 77 79 65 69 60 70 73 78 61 72 74 71 68
18 60 79 77 67 69 61 71 72 64 68 65 66 73 70 78 74 63 75
20 77 76 61 62 68 65 79 66 72 75 71 60 64 78 73 70 67 63 74 69
19 64 67 77 72 71 75 74 61 69 79 78 73 62 66 63 65 70 60 68
1 98
2 99 98
3 99 89 98
4 99 89 83 98
5 99 83 89 82 98
6 85 83 98 82 89 99
7 83 98 99 89 80 82 85
8 89 90 80 85 83 82 98 99
9 98 90 84 99 82 85 89 83 80
10 80 88 82 83 84 89 99 98 85 90
11 88 90 98 80 89 99 84 83 82 85 81
12 85 83 89 84 98 90 80 81 87 99 88 82
13 85 96 82 88 89 99 83 81 90 87 84 80 98
14 82 84 83 88 90 85 80 98 96 87 99 81 95 89
15 89 80 86 88 99 83 90 95 96 87 82 84 85 98 81
16 87 82 86 98 99 94 90 85 88 81 83 89 96 95 80 84
20 89 99 93 87 85 98 94 91 92 90 83 86 97 81 82 95 96 88 84 80
17 80 94 90 88 84 98 92 89 99 96 86 87 83 81 95 82 85
18 88 82 87 92 85 83 80 93 95 99 86 98 94 89 81 84 90 96
19 93 87 80 90 85 98 88 94 95 97 92 89 84 99 86 96 81 82 83
1 103
2 108 103
3 110 103 108
4 117 110 103 108
5 117 108 112 110 103
6 110 108 111 103 112 117
7 117 108 104 111 103 112 110
8 106 110 112 103 117 111 104 108
9 108 112 119 106 117 111 103 104 110
10 111 104 110 107 106 108 112 103 117 119
11 106 113 110 111 108 103 112 107 117 119 104
20 105 117 110 118 104 113 107 119 101 103 102 108 109 115 112 114 100 106 116 111
12 107 108 111 113 101 119 104 110 106 103 112 117
13 113 103 107 108 112 117 119 111 106 104 110 101 118
14 118 104 103 106 100 110 107 112 113 108 117 119 101 111
15 106 103 117 101 107 119 113 118 104 110 108 111 114 112 100
16 117 107 109 119 112 106 104 118 113 101 108 110 111 103 114 100
17 106 104 103 100 114 109 108 113 118 101 105 112 111 117 110 107 119
18 111 101 104 118 100 109 103 108 112 119 114 107 113 110 105 106 117 115
19 101 110 118 100 103 119 104 112 107 105 106 109 116 108 117 111 113 115 114
1 131
2 129 131
20 139 133 126 122 129 121 136 138 123 132 124 128 131 125 127 120 134 137 130 135
3 129 120 131
4 127 120 131 129
5 127 129 131 120 128
6 127 129 128 131 139 120
7 131 128 129 120 135 127 139
8 127 135 120 139 130 129 128 131
9 129 127 139 120 131 130 128 135 124
10 129 124 120 139 128 131 130 127 135 126
11 127 129 135 126 139 120 124 123 130 128 131
12 139 124 120 131 130 127 128 123 135 129 126 137
13 120 126 131 124 130 139 129 123 137 135 127 125 128
14 137 123 130 127 129 126 124 131 133 120 139 128 135 125
15 137 133 127 135 120 123 128 126 130 134 124 131 139 125 129
16 135 125 121 120 129 133 137 131 139 123 126 134 130 124 127 128
17 134 129 139 137 125 123 126 138 133 131 127 121 124 120 130 135 128
18 133 120 126 128 124 125 130 127 134 135 123 139 131 137 138 122 129 121
19 131 120 138 123 135 126 124 137 129 133 121 127 128 134 125 136 130 139 122
1 159
2 154 159
3 159 158 154
4 159 158 151 154
5 151 158 154 156 159
6 156 145 154 159 151 158
7 158 152 156 151 154 145 159
8 152 159 145 154 156 158 151 155
9 154 152 155 141 158 156 151 145 159
10 154 156 158 151 141 155 159 146 145 152
11 156 146 154 141 155 158 152 151 145 143 159
12 156 153 159 145 158 155 154 143 151 141 146 152
20 154 159 145 140 156 148 142 144 157 147 141 158 152 151 143 149 153 146 150 155
13 141 159 154 146 153 145 156 158 150 151 152 155 143
14 151 145 141 152 155 156 153 158 150 154 157 146 143 159
15 146 159 150 156 152 151 141 158 153 157 149 155 145 154 143
16 150 159 154 158 155 151 157 141 147 156 149 153 146 143 145 152
17 143 150 152 157 149 145 144 141 159 147 151 154 156 153 146 155 158
18 144 151 154 153 141 157 156 155 152 145 146 159 148 158 147 149 143 150
19 145 147 144 141 140 158 155 149 157 153 148 151 152 154 159 146 156 150 143
1 160
2 171 160
20 179 173 177 166 178 169 176 172 171 164 167 163 160 165 174 168 170 175 162 161
3 160 171 175
4 162 171 175 160
5 161 175 160 171 162
6 175 160 168 171 162 161
7 175 168 171 162 161 167 160
8 171 172 175 168 160 161 167 162
9 167 171 168 177 161 175 172 162 160
10 177 164 162 160 167 175 172 168 161 171
11 177 170 171 172 175 161 167 164 168 162 160
12 170 167 175 160 161 172 177 164 179 162 171 168
13 162 170 171 172 175 164 178 160 177 168 167 179 161
14 177 170 162 179 160 168 161 172 164 165 175 167 171 178
15 167 165 171 164 179 161 160 177 170 162 168 169 172 175 178
16 164 168 170 160 166 161 178 175 177 171 162 172 169 167 165 179
17 178 160 167 164 162 165 175 170 179 172 166 161 171 177 169 168 176
18 175 173 167 166 160 172 170 177 176 169 165 171 179 162 161 178 164 168
19 171 169 162 176 164 170 160 173 161 168 167 175 178 177 166 165 179 163 172
1 187
2 188 187
3 188 185 187
4 184 187 188 185
5 188 184 185 187 197
6 193 188 184 185 197 187
7 187 185 188 184 181 193 197
8 181 197 188 193 187 184 195 185
9 181 197 184 195 191 193 187 185 188
10 197 184 193 185 191 188 195 192 187 181
11 181 192 197 195 187 191 180 193 185 184 188
12 180 195 187 185 198 193 191 197 184 181 192 188
13 197 190 195 181 191 184 185 198 192 187 193 180 188
14 196 191 185 180 193 187 190 192 195 198 188 184 197 181
20 188 199 193 197 192 180 195 190 186 182 185 191 183 184 196 189 194 187 198 181
15 186 184 180 197 198 185 195 187 191 192 181 188 196 190 193
16 191 193 195 180 187 186 183 197 181 196 188 198 185 184 192 190
17 198 188 196 185 193 191 190 180 181 187 199 183 186 197 184 195 192
18 185 191 190 197 196 188 184 199 195 192 193 180 198 181 183 187 186 189
19 183 195 189 185 184 196 192 186 193 187 181 190 199 194 198 191 197 188 180
1 202
2 202 205
20 215 212 205 211 200 213 210 204 206 207 209 214 208 203 202 217 216 219 218 201
3 205 202 218
4 202 218 217 205
5 202 217 214 205 218
6 202 217 218 205 204 214
7 200 204 218 217 205 214 202
8 218 214 217 204 200 202 205 219
9 202 205 204 214 219 210 217 200 218
10 219 218 204 210 214 217 206 202 205 200
11 208 217 210 200 206 205 214 218 204 202 219
12 204 210 205 212 214 208 206 202 200 219 218 217
13 210 219 208 202 212 203 206 205 204 217 218 214 200
14 205 200 204 206 212 202 203 216 214 217 219 210 218 208
15 204 210 212 213 203 202 217 216 214 205 206 218 208 219 200
16 214 212 204 202 210 213 219 215 208 216 218 206 203 217 205 200
17 213 205 210 206 215 208 218 201 217 219 204 200 203 214 212 216 202
18 212 213 216 214 208 202 219 201 204 203 215 211 205 217 200 206 218 210
19 202 206 210 212 211 207 203 215 205 213 204 219 200 201 208 217 218 214 216
1 237
2 232 237
3 232 237 225
4 232 237 225 229
5 229 225 232 231 237
6 225 237 229 231 232 227
7 232 227 225 229 231 237 239
8 232 237 227 221 239 231 225 229
9 239 229 227 234 221 225 231 237 232
20 237 226 223 228 234 225 222 232 227 233 220 239 224 238 221 235 236 230 229 231
10 239 225 232 234 227 236 231 237 221 229
11 225 234 221 232 227 237 231 220 236 229 239
12 229 237 221 220 236 231 227 226 232 239 225 234
13 235 220 239 226 227 232 229 234 221 236 225 237 231
14 221 234 231 220 237 239 229 225 227 222 235 232 236 226
15 234 222 221 232 229 227 235 239 231 220 225 230 226 236 237
16 222 227 235 229 221 230 239 225 220 238 234 237 226 232 231 236
17 231 236 230 238 227 239 226 220 234 229 235 223 221 237 222 225 232
18 225 222 234 231 238 232 235 221 233 220 229 226 237 239 227 230 236 223
19 231 236 232 239 233 227 230 223 226 224 235 234 225 238 220 221 229 222 237
1 257
2 252 257
3 247 252 257
4 247 248 252 257
5 253 248 247 252 257
6 248 257 241 247 252 253
7 247 241 257 253 248 251 252
8 242 252 248 247 257 241 251 253
20 249 257 242 246 259 248 250 244 251 247 253 243 255 256 245 240 258 241 252 254
9 248 251 245 242 257 241 252 247 253
10 245 251 257 247 253 241 242 248 252 244
11 251 245 242 253 247 257 255 241 244 252 248
12 242 257 247 253 250 244 255 241 245 248 251 252
13 245 241 242 249 247 250 251 253 244 257 255 252 248
14 257 244 250 248 251 253 249 247 255 242 241 245 252 254
15 247 249 248 254 244 257 243 255 251 245 241 252 242 250 253
16 257 253 252 245 251 243 242 248 249 246 244 247 254 255 241 250
17 257 244 246 245 241 247 251 250 242 252 248 249 255 253 259 243 254
18 259 247 248 246 249 251 241 254 253 255 257 242 250 252 245 243 244 256
19 250 247 252 258 253 243 241 244 256 245 259 254 251 249 242 255 257 246 248
20 271 273 279 263 260 276 262 261 267 269 275 278 264 274 277 268 272 270 265 266
1 265
2 263 265
3 265 263 278
4 263 262 265 278
5 279 262 278 263 265
6 262 279 272 278 263 265
7 260 272 279 263 265 262 278
8 272 262 278 263 276 279 265 260
9 276 278 262 273 265 279 260 272 263
10 262 276 260 272 279 277 278 263 273 265
11 265 273 263 276 260 262 279 278 269 277 272
12 272 278 262 269 273 276 270 265 260 263 279 277
13 279 270 273 269 276 265 278 263 260 268 277 262 272
14 273 279 268 277 262 265 260 278 276 270 272 269 263 264
15 276 262 277 268 263 278 260 270 272 264 273 265 261 279 269
16 263 264 272 265 269 278 273 277 279 268 270 260 261 276 271 262
17 263 262 276 265 277 260 261 273 264 268 269 271 272 270 278 266 279
18 263 264 266 279 260 271 270 269 261 276 265 273 267 277 272 268 262 278
19 271 261 272 260 278 274 279 268 273 269 263 266 270 276 262 264 277 267 265
1 283
2 281 283
3 283 289 281
4 286 281 289 283
5 285 286 283 289 281
6 297 286 281 289 283 285
7 285 281 283 286 297 298 289
8 283 289 297 281 285 286 293 298
9 298 297 293 283 286 289 281 284 285
10 283 286 297 298 285 284 293 289 291 281
11 298 289 286 297 285 283 281 291 293 284 296
12 296 284 285 286 288 281 289 283 291 298 297 293
13 297 291 286 283 296 298 285 288 293 281 289 284 280
14 296 283 289 288 293 298 280 291 286 281 297 285 284 287
15 298 291 297 286 289 284 285 283 288 281 282 280 287 296 293
20 287 296 285 288 290 280 283 299 286 293 281 295 289 291 284 294 298 292 282 297
16 281 293 297 291 280 282 286 298 290 283 296 288 285 287 284 289
17 281 296 288 283 286 291 293 280 284 292 290 298 285 297 282 287 289
18 296 286 283 293 284 287 282 280 291 288 290 281 297 285 299 289 292 298
19 297 285 280 294 293 299 284 281 288 286 298 292 282 296 290 291 283 289 287
1 308
2 308 319
3 312 308 319
4 312 306 308 319
5 312 314 306 308 319
6 308 314 312 315 319 306
7 315 301 312 306 314 308 319
8 301 319 315 305 314 306 312 308
9 314 305 308 319 312 315 306 301 303
10 312 303 301 309 306 305 315 308 314 319
11 309 319 305 303 307 315 314 308 301 312 306
12 306 307 301 303 308 314 309 319 311 305 315 312
13 305 313 306 311 319 308 312 301 314 309 303 307 315
14 309 311 301 314 307 315 303 312 313 302 319 308 305 306
15 307 319 301 312 305 302 306 308 303 311 315 313 318 309 314
20 305 311 319 310 306 302 309 316 314 300 317 318 307 313 315 304 312 303 301 308
16 305 307 302 306 310 309 303 319 313 318 311 315 301 312 314 308
17 314 311 309 307 305 310 313 318 312 301 302 319 306 308 315 317 303
18 312 309 300 314 303 307 301 308 305 310 315 302 306 318 319 311 317 313
19 319 316 306 300 308 305 312 317 311 310 301 313 315 309 303 302 318 307 314
1 336
2 331 336
3 331 336 326
4 326 322 336 331
20 333 321 338 320 337 325 329 335 322 336 331 339 328 332 324 327 323 326 334 330
5 331 336 326 322 328
6 326 328 322 324 336 331
7 331 326 328 336 322 324 334
8 338 324 331 328 334 322 326 336
9 324 326 336 328 334 322 331 338 321
10 324 338 331 322 328 326 334 336 321 329
11 331 329 324 323 322 326 338 336 328 321 334
12 321 336 339 334 322 326 328 324 323 329 338 331
13 334 339 322 329 336 328 326 323 321 337 331 324 338
14 320 326 329 339 328 321 322 323 331 336 324 337 334 338
15 321 320 322 336 327 337 329 324 328 338 323 331 339 334 326
16 334 324 336 337 322 323 327 326 321 339 320 338 328 331 329 325
17 323 322 328 321 325 324 327 336 333 331 337 334 338 326 329 339 320
18 324 327 334 337 330 322 320 325 338 326 331 321 328 339 336 323 333 329
19 325 329 326 328 337 334 324 336 320 335 338 330 323 327 331 321 322 339 333
1 348
2 358 348
3 348 358 349
4 349 358 341 348
5 358 352 341 349 348
6 341 358 349 348 342 352
7 351 341 348 352 342 349 358
8 352 342 349 351 341 346 348 358
9 351 345 352 346 342 358 348 341 349
10 351 346 358 348 354 342 349 345 341 352
11 348 341 346 358 351 352 349 342 345 354 343
12 345 349 352 358 348 354 357 341 343 346 342 351
20 347 346 344 356 352 351 342 358 359 350 341 354 357 349 355 353 345 340 343 348
13 341 343 345 346 359 351 352 354 349 358 348 357 342
14 359 342 352 341 358 349 346 348 353 357 345 351 343 354
15 354 341 358 345 353 348 342 357 346 343 352 344 351 359 349
16 341 359 345 343 357 344 342 358 351 348 353 349 354 352 346 355
17 349 342 351 357 340 353 354 346 343 348 359 355 358 344 352 341 345
18 344 357 358 349 353 347 342 340 359 346 355 341 352 343 351 354 348 345
19 344 353 354 342 352 349 346 350 340 351 341 357 359 348 355 358 343 345 347
1 368
2 371 368
3 368 371 374
4 371 375 374 368
5 374 364 368 371 375
6 364 374 375 367 371 368
7 368 364 369 375 371 367 374
8 368 367 371 364 369 375 374 366
9 368 374 377 364 371 366 369 367 375
10 367 369 364 366 372 377 374 375 368 371
11 368 369 364 366 374 375 376 372 371 367 377
12 366 371 367 375 368 374 369 364 372 377 379 376
13 366 368 369 379 376 374 367 371 364 375 372 377 361
14 369 377 361 371 378 375 376 374 366 367 364 368 372 379
15 379 363 366 364 374 377 368 376 372 378 361 369 367 371 375
16 373 379 377 375 361 371 372 369 363 374 368 364 367 376 366 378
20 366 377 367 378 375 372 368 361 376 374 373 365 371 370 360 364 363 379 369 362
17 373 372 378 379 364 361 366 367 369 374 376 363 365 375 371 377 368
18 366 365 377 370 363 378 361 364 372 374 371 369 368 379 367 375 376 373
19 378 368 372 375 365 379 371 361 360 366 377 364 374 370 373 376 363 369 367
1 387
2 387 384
20 380 385 398 383 391 393 394 396 387 395 381 399 390 397 389 392 382 386 384 388
3 395 387 384
4 395 387 389 384
5 388 395 389 387 384
6 388 397 389 395 384 387
7 395 387 384 388 381 389 397
8 397 387 389 388 381 384 395 393
9 384 381 395 382 397 387 393 389 388
10 382 394 397 381 393 387 384 389 388 395
11 384 393 382 385 381 388 387 389 397 394 395
12 384 389 395 397 398 393 381 394 388 387 385 382
13 394 397 389 385 381 396 393 388 382 384 387 395 398
14 394 387 389 398 399 384 382 397 396 388 385 395 393 381
15 396 393 399 387 394 395 382 398 385 380 381 389 397 384 388
16 397 384 382 381 396 380 386 387 385 398 399 394 395 389 388 393
17 396 382 380 389 386 395 390 394 384 388 387 385 381 393 398 399 397
18 385 396 380 382 386 398 397 381 388 393 384 395 392 389 387 390 399 394
19 385 386 392 388 384 396 394 395 383 382 390 399 380 387 381 397 398 389 393
