20 40 8 794
1 23
1 37
1 25
1 22
1 24
1 39
1 29
1 27
1 32
1 34
1 38
1 33
1 26
1 36
1 21
1 20
1 35
1 31
1 28
1 30
1 43
1 59
1 48
1 54
1 46
1 51
1 56
1 45
1 57
1 47
1 41
1 49
1 44
1 53
1 50
1 55
1 52
1 58
1 42
1 40
1 67
1 68
1 66
1 64
1 78
1 73
1 65
1 74
1 72
1 76
1 69
1 61
1 70
1 63
1 75
1 62
1 79
1 60
1 71
1 77
1 90
1 82
1 83
1 91
1 88
1 86
1 85
1 87
1 94
1 99
1 93
1 98
1 97
1 89
1 81
1 92
1 95
1 80
1 96
1 84
1 115
1 114
1 116
1 111
1 118
1 104
1 107
1 101
1 102
1 119
1 103
1 113
1 109
1 110
1 105
1 108
1 112
1 100
1 117
1 106
1 122
1 130
1 132
1 134
1 133
1 127
1 120
1 124
1 131
1 135
1 125
1 139
1 136
1 138
1 137
1 121
1 126
1 123
1 128
1 129
1 153
1 157
1 142
1 147
1 152
1 149
1 141
1 150
1 156
1 158
1 145
1 146
1 159
1 143
1 148
1 151
1 154
1 140
1 155
1 144
1 173
1 161
1 167
1 165
1 169
1 179
1 170
1 171
1 168
1 163
1 174
1 175
1 172
1 160
1 177
1 164
1 166
1 162
1 176
1 178
1 180
1 199
1 192
1 190
1 182
1 188
1 183
1 197
1 181
1 184
1 186
1 187
1 194
1 185
1 195
1 198
1 191
1 196
1 189
1 193
1 218
1 201
1 204
1 214
1 206
1 207
1 210
1 212
1 216
1 200
1 217
1 205
1 213
1 215
1 211
1 219
1 209
1 208
1 203
1 202
1 224
1 230
1 229
1 234
1 222
1 233
1 239
1 220
1 238
1 228
1 223
1 235
1 226
1 221
1 225
1 236
1 237
1 227
1 231
1 232
1 248
1 256
1 247
1 258
1 242
1 246
1 251
1 255
1 250
1 249
1 241
1 257
1 245
1 252
1 243
1 259
1 244
1 240
1 254
1 253
1 260
1 270
1 264
1 266
1 263
1 275
1 274
1 273
1 267
1 269
1 265
1 278
1 276
1 271
1 261
1 277
1 279
1 272
1 268
1 262
1 292
1 295
1 283
1 294
1 284
1 280
1 290
1 288
1 299
1 286
1 281
1 297
1 287
1 296
1 289
1 291
1 293
1 285
1 298
1 282
1 316
1 308
1 315
1 309
1 318
1 305
1 317
1 313
1 314
1 319
1 301
1 312
1 307
1 302
1 303
1 306
1 310
1 304
1 311
1 300
1 328
1 320
1 324
1 326
1 336
1 323
1 338
1 327
1 321
1 335
1 331
1 325
1 329
1 322
1 332
1 334
1 337
1 330
1 333
1 339
1 345
1 347
1 341
1 349
1 355
1 346
1 352
1 357
1 340
1 359
1 353
1 342
1 348
1 354
1 350
1 344
1 343
20 354 347 357 356 355 345 359 352 351 344 343 341 342 358 349 350 353 340 348 346
4 341 345 356 347
19 340 349 357 344 348 345 353 354 347 358 342 350 355 346 352 343 341 356 359
1 374
2 378 374
3 378 360 374
4 374 377 360 378
5 377 374 378 376 360
6 375 377 378 374 360 376
7 378 374 376 360 373 377 375
8 375 376 377 378 360 371 374 373
9 378 374 373 368 371 375 360 377 376
10 377 371 360 373 374 376 378 375 368 365
11 378 371 363 377 365 374 373 360 376 368 375
20 365 377 379 371 370 366 376 361 360 373 364 374 362 369 378 375 372 368 363 367
12 373 377 362 375 378 360 374 371 363 376 365 368
13 376 365 363 375 362 378 368 361 377 360 373 374 371
14 365 363 361 360 377 378 375 371 374 362 368 369 376 373
15 363 373 369 377 374 362 378 371 361 368 360 365 370 376 375
16 374 360 362 375 365 376 377 378 369 371 379 370 361 363 368 373
17 369 363 371 376 375 365 362 379 378 374 360 368 361 370 364 373 377
18 376 371 366 362 369 360 375 363 364 365 378 361 368 377 379 374 370 373
19 368 373 369 371 367 377 375 361 360 362 370 363 376 364 374 379 378 365 366
1 384
2 384 397
3 380 397 384
4 380 397 390 384
5 397 384 386 390 380
6 380 398 397 384 386 390
7 398 380 394 390 397 384 386
8 384 397 380 398 394 386 390 382
9 394 386 384 397 382 381 398 380 390
10 394 380 397 384 390 389 398 381 386 382
11 386 380 389 392 390 384 398 397 382 394 381
12 398 382 383 389 397 390 384 380 394 386 392 381
20 380 399 387 392 391 382 388 381 396 384 397 386 395 389 398 390 393 394 383 385
13 392 399 398 394 386 390 384 397 380 382 383 381 389
14 385 394 390 380 389 398 399 386 382 381 392 384 383 397
15 384 397 392 389 382 390 381 386 385 383 394 380 399 391 398
16 390 398 391 383 380 388 389 397 394 392 382 384 386 399 385 381
17 387 382 391 383 394 384 389 385 398 392 399 388 386 381 390 397 380
18 391 397 383 382 396 390 384 392 380 387 388 386 385 398 399 394 389 381
19 380 384 383 386 381 395 382 396 387 392 385 398 388 399 389 397 394 391 390
1 403
2 400 403
3 403 419 400
4 400 408 419 403
5 403 400 408 419 406
6 400 406 403 419 408 409
7 419 403 408 406 416 409 400
8 400 406 418 416 408 419 409 403
9 416 406 408 415 400 419 418 409 403
10 409 418 400 406 403 415 401 419 416 408
11 415 416 401 406 409 419 408 403 400 418 414
12 418 406 405 408 416 401 403 415 409 400 414 419
13 408 416 419 411 415 414 406 403 418 405 401 409 400
20 402 408 400 405 403 416 413 419 412 410 411 409 415 401 417 407 414 406 404 418
14 407 419 403 409 406 415 414 405 408 411 418 401 400 416
15 409 411 416 402 400 405 415 414 407 406 403 418 401 408 419
16 401 403 402 405 414 406 409 400 415 408 416 411 419 417 407 418
17 402 411 419 405 401 406 400 407 418 414 415 409 408 416 410 417 403
18 409 408 411 413 403 410 417 416 407 406 414 419 402 401 400 418 415 405
19 401 415 419 411 416 409 402 400 410 408 404 407 403 418 414 406 417 405 413
1 439
2 439 420
3 439 422 420
4 427 420 439 422
5 427 437 439 422 420
6 439 437 422 420 427 426
7 422 427 437 428 426 439 420
8 422 428 437 426 427 421 420 439
9 438 422 421 427 420 428 437 439 426
10 426 422 428 427 437 421 439 420 438 436
11 426 428 439 427 421 420 433 422 436 438 437
12 438 422 420 437 436 433 428 434 426 427 421 439
20 431 429 428 421 435 420 434 438 423 427 432 422 424 437 426 439 433 425 430 436
13 427 421 420 426 437 439 434 422 428 436 433 438 432
14 420 421 422 434 439 437 427 432 436 428 433 438 426 435
15 436 424 437 432 428 439 421 422 438 435 427 420 434 426 433
16 430 435 424 427 437 434 428 422 426 439 420 436 432 433 438 421
17 421 422 428 420 430 423 438 434 437 424 433 439 435 427 432 426 436
18 427 430 439 431 436 424 435 423 428 420 421 434 433 437 422 426 432 438
19 438 434 431 427 423 422 428 429 420 437 439 432 436 430 426 433 435 424 421
1 458
2 440 458
3 450 440 458
4 454 440 450 458
5 454 456 440 450 458
20 458 451 443 459 440 447 445 449 441 457 455 456 453 446 450 448 454 442 444 452
6 450 440 454 456 458 444
7 444 450 458 442 454 440 456
8 458 454 442 455 440 444 450 456
9 454 440 455 457 442 444 450 458 456
10 440 446 458 455 454 442 450 457 456 444
11 457 455 454 450 446 456 445 444 458 442 440
12 455 458 446 450 445 440 457 444 442 447 456 454
13 445 455 446 442 454 457 456 444 459 450 447 458 440
14 441 454 444 447 459 458 446 456 450 440 445 457 442 455
15 444 440 455 456 457 446 447 449 454 459 441 450 458 442 445
16 459 444 456 440 458 449 441 443 446 450 442 454 445 457 447 455
17 457 459 444 442 456 440 441 458 455 446 450 453 449 447 454 443 445
18 456 458 457 454 455 441 449 442 447 450 444 453 443 440 459 445 448 446
19 445 446 455 448 454 444 450 443 453 456 457 440 458 459 442 447 441 452 449
1 475
2 475 463
3 463 473 475
4 479 463 473 475
5 475 479 463 460 473
6 475 460 479 468 463 473
7 473 460 468 479 474 463 475
8 460 463 470 475 474 479 468 473
9 468 460 479 471 463 474 473 470 475
10 475 470 479 474 473 471 477 463 460 468
11 463 477 470 471 460 478 473 474 468 475 479
20 460 474 466 478 465 464 475 468 476 479 469 470 477 461 467 472 471 462 463 473
12 460 478 474 475 470 462 463 473 477 471 468 479
13 478 474 475 463 468 477 460 479 473 471 462 466 470
14 471 463 475 460 474 479 466 473 478 477 470 462 469 468
15 470 471 462 478 474 473 468 460 477 465 463 469 475 479 466
16 460 471 475 468 461 465 462 477 469 470 466 473 463 478 474 479
17 477 472 479 469 466 461 468 460 474 463 465 478 462 470 475 473 471
18 472 471 461 479 478 469 460 466 467 473 463 470 475 477 462 465 468 474
19 466 467 471 461 464 472 468 475 474 462 473 477 465 460 478 463 470 469 479
1 499
2 481 499
3 484 499 481
4 499 490 484 481
5 493 484 481 499 490
6 484 490 493 499 495 481
7 484 499 495 490 493 481 497
8 495 497 490 499 481 484 493 492
9 493 490 499 492 497 485 481 495 484
10 499 481 484 488 490 492 497 493 485 495
11 480 495 485 492 497 493 490 488 499 484 481
12 497 481 485 490 493 496 499 484 488 492 495 480
13 495 499 496 488 484 480 481 486 493 492 485 497 490
14 492 499 488 495 496 484 486 493 497 498 490 480 485 481
15 485 484 497 480 493 488 498 499 492 496 490 494 486 481 495
16 496 490 492 489 480 495 499 481 485 497 493 488 486 494 484 498
20 491 493 480 483 484 481 492 482 485 489 488 495 490 494 498 487 486 497 499 496
17 488 481 486 485 489 496 484 482 494 490 497 492 499 495 493 498 480
18 482 489 484 490 492 485 488 499 486 480 491 497 493 495 494 481 496 498
19 494 490 486 498 496 497 480 495 485 483 488 493 484 481 499 482 491 489 492
1 514
2 514 513
3 513 515 514
4 517 514 513 515
5 513 506 515 514 517
6 515 517 506 508 513 514
7 515 502 514 508 517 513 506
20 505 514 504 503 509 510 502 513 506 516 515 518 511 508 501 512 500 507 517 519
8 502 517 515 503 508 514 506 513
9 506 509 515 503 514 517 502 513 508
10 508 513 514 515 503 509 506 501 517 502
11 515 501 517 513 502 508 514 516 509 503 506
12 501 509 515 513 514 502 508 517 510 506 516 503
13 502 509 504 513 501 503 508 506 510 514 516 515 517
14 510 514 512 508 502 501 515 506 513 503 504 517 509 516
15 516 509 506 504 512 513 514 517 502 500 510 501 503 515 508
16 500 501 502 511 509 514 515 510 504 503 508 517 512 506 513 516
17 502 517 508 504 509 515 507 512 501 506 516 500 514 503 511 510 513
18 510 504 503 515 502 508 500 514 505 517 512 513 506 511 516 509 501 507
19 506 502 509 518 500 508 513 512 517 514 515 511 516 501 505 503 510 507 504
1 530
2 527 530
3 530 535 527
4 530 527 535 520
5 527 520 525 530 535
6 520 535 527 526 530 525
7 535 520 526 527 525 532 530
8 527 532 526 533 530 525 535 520
9 531 527 525 526 535 533 520 532 530
10 530 526 525 520 527 531 532 524 535 533
11 527 525 530 531 535 533 520 524 526 532 534
12 534 533 527 531 535 525 537 532 530 526 520 524
13 520 533 537 531 524 527 534 525 535 526 532 530 522
14 527 522 535 526 520 530 524 533 531 538 537 532 534 525
15 520 534 526 527 537 538 525 522 524 535 530 531 533 536 532
16 534 532 537 531 524 520 527 535 529 538 526 536 522 525 533 530
17 537 530 536 531 526 525 520 534 538 532 533 527 524 523 535 522 529
18 525 520 526 522 531 532 538 536 529 527 533 530 539 523 535 524 537 534
19 537 539 530 525 520 538 523 528 527 522 536 535 524 532 533 529 526 531 534
20 535 526 533 530 538 532 537 523 529 539 522 534 525 536 524 521 528 527 531 520
1 543
20 543 559 542 550 558 540 548 552 549 545 544 546 551 541 553 557 554 556 555 547
2 543 541
3 541 559 543
4 559 543 544 541
5 541 544 557 559 543
6 546 559 541 543 544 557
7 541 550 544 557 559 543 546
8 544 550 543 541 546 556 557 559
9 546 543 550 557 559 549 556 541 544
10 544 542 546 543 549 559 550 557 541 556
11 542 558 549 543 556 559 557 546 550 541 544
12 544 549 556 557 550 543 546 548 542 559 558 541
13 544 546 542 543 541 549 548 559 558 553 550 556 557
14 559 555 557 546 553 544 550 548 543 558 541 542 549 556
15 552 543 541 553 549 558 557 548 542 546 550 555 556 559 544
16 550 544 548 553 549 552 557 555 543 556 541 559 542 551 558 546
17 559 541 549 550 547 556 542 557 558 553 543 548 551 555 544 546 552
18 543 547 556 540 553 552 557 546 555 551 541 550 548 549 544 542 559 558
19 559 553 551 557 548 544 549 550 540 542 545 552 543 558 547 555 546 556 541
1 573
2 575 573
3 564 573 575
4 564 568 573 575
5 568 575 573 564 577
6 577 575 568 576 573 564
7 573 564 577 561 576 568 575
8 561 573 568 577 564 563 576 575
9 568 576 561 563 578 564 573 575 577
10 573 576 562 561 563 577 568 575 578 564
11 577 562 573 561 575 564 567 568 576 563 578
12 572 564 576 563 568 562 561 578 567 573 577 575
13 562 577 567 576 568 572 561 564 578 575 573 563 566
14 564 567 568 563 576 578 562 572 566 577 560 561 573 575
20 575 566 563 578 568 567 577 561 564 579 565 560 572 571 576 573 574 562 570 569
15 563 567 574 561 564 577 576 560 578 573 575 566 568 562 572
16 567 568 562 569 577 563 564 566 573 560 576 572 578 574 575 561
17 572 578 561 563 574 577 569 568 566 562 579 560 576 567 564 575 573
18 567 572 563 568 571 569 574 575 579 577 561 560 578 576 562 564 566 573
19 566 561 571 577 579 572 564 574 563 560 578 576 573 562 567 569 570 575 568
1 590
2 590 598
3 592 598 590
4 598 590 593 592
5 598 587 592 593 590
20 595 586 592 590 594 584 582 587 591 585 598 597 588 583 599 580 589 593 596 581
6 587 593 590 592 584 598
7 587 593 584 585 598 590 592
8 590 596 592 587 598 585 584 593
9 594 587 584 598 593 590 585 592 596
10 592 596 590 594 593 585 584 598 587 583
11 585 581 590 587 584 592 594 598 583 596 593
12 584 585 583 590 591 593 592 587 594 596 581 598
13 584 598 594 583 581 592 596 587 589 591 593 590 585
14 588 585 593 587 592 598 591 594 583 590 589 581 596 584
15 587 584 596 583 593 586 590 581 591 588 598 585 592 594 589
16 584 585 583 598 594 586 588 580 593 581 587 596 591 592 590 589
17 594 580 596 598 581 590 586 585 592 591 583 593 587 588 582 584 589
18 582 591 585 583 597 584 594 590 581 580 589 587 586 598 596 593 592 588
19 592 593 597 582 580 598 591 587 590 585 581 596 588 583 595 594 584 589 586
1 614
2 614 604
3 604 603 614
4 603 604 614 600
5 614 604 615 603 600
6 609 600 603 615 614 604
7 612 609 603 615 604 614 600
8 615 603 604 600 619 614 612 609
9 605 612 609 614 603 619 600 604 615
10 614 615 603 619 604 600 612 609 616 605
11 615 616 600 605 612 606 604 609 603 614 619
12 618 604 616 612 615 609 603 605 606 614 619 600
13 616 612 603 604 606 619 600 608 609 615 618 614 605
14 604 618 609 605 616 600 603 614 606 608 612 615 602 619
15 606 603 602 609 619 616 618 612 614 604 605 608 600 613 615
16 606 615 603 602 612 609 613 600 604 614 618 608 616 605 619 607
17 614 608 607 613 619 600 610 616 603 612 602 605 618 615 609 604 606
18 619 616 600 610 606 611 603 609 602 607 604 615 608 618 614 613 605 612
19 603 606 602 618 600 607 612 608 604 601 614 619 611 610 616 609 615 613 605
20 604 619 601 618 617 608 616 610 611 606 602 612 609 603 607 615 614 613 600 605
1 623
2 625 623
3 625 623 634
4 630 634 625 623
5 630 634 625 623 638
6 623 638 630 625 624 634
7 638 626 625 630 623 624 634
8 634 620 623 624 630 638 626 625
9 623 624 626 633 638 620 630 634 625
10 623 625 638 620 624 626 633 630 634 627
11 634 626 620 624 630 638 623 627 633 625 637
12 626 622 623 630 625 638 637 624 627 634 633 620
13 630 634 625 627 623 639 637 622 624 633 626 638 620
14 627 630 623 639 633 638 637 635 634 620 622 624 626 625
15 634 625 623 635 627 630 626 638 624 639 633 637 622 620 628
16 630 624 620 623 626 627 639 638 633 637 625 634 628 636 622 635
17 620 635 634 633 621 626 627 623 628 630 639 624 636 637 622 638 625
20 636 634 627 631 624 630 623 639 622 626 632 621 620 635 628 633 638 637 625 629
18 627 636 625 637 628 622 634 635 630 624 621 639 633 626 632 620 638 623
19 627 625 620 622 636 639 629 634 635 624 621 638 633 626 630 628 623 632 637
1 653
2 649 653
3 649 655 653
4 651 655 653 649
5 649 657 651 655 653
6 651 655 652 653 649 657
7 652 644 649 657 653 655 651
8 644 649 647 657 655 652 651 653
9 657 647 651 644 649 652 646 653 655
10 652 646 653 651 644 649 642 655 657 647
11 642 655 658 647 653 644 657 651 646 652 649
20 645 650 644 656 653 646 647 641 643 658 648 657 652 654 651 642 655 640 649 659
12 652 658 655 644 657 640 642 651 653 647 649 646
13 647 640 657 655 651 642 644 652 646 658 649 653 650
14 640 645 653 650 658 652 642 651 649 646 655 644 657 647
15 651 642 647 657 655 648 653 644 645 646 658 650 652 640 649
16 651 647 644 650 655 652 640 653 649 656 646 658 657 645 648 642
17 651 642 653 649 641 650 644 645 646 658 657 647 656 655 640 648 652
18 657 654 641 652 644 645 655 658 640 656 646 651 648 649 647 650 642 653
19 655 651 646 653 643 640 649 645 652 657 650 647 654 658 656 642 644 648 641
1 668
2 677 668
3 677 678 668
4 668 666 677 678
5 666 677 671 668 678
6 671 678 677 666 663 668
7 666 678 674 668 671 677 663
8 674 671 663 670 677 678 666 668
9 670 678 666 671 677 674 668 663 667
10 674 670 662 677 671 666 678 663 667 668
11 674 668 671 662 678 667 666 677 663 670 675
12 662 675 677 666 667 663 674 670 671 676 668 678
13 667 666 675 662 674 678 676 677 671 672 670 663 668
14 662 671 678 674 672 675 677 676 668 663 670 667 664 666
15 672 676 663 660 666 671 677 670 667 674 678 664 668 662 675
16 670 668 676 678 674 672 664 675 663 671 666 662 679 660 677 667
17 672 664 677 666 676 668 675 660 678 674 679 662 665 667 670 663 671
18 662 671 675 674 666 670 663 678 673 676 672 677 668 665 679 664 667 660
19 675 664 671 670 661 668 677 678 665 660 672 667 663 662 679 676 674 666 673
20 669 661 671 673 665 672 670 666 662 674 663 678 660 667 664 676 679 668 677 675
1 688
2 688 696
3 688 696 685
4 682 696 688 685
5 682 685 688 691 696
6 691 688 684 696 685 682
7 682 686 684 696 688 691 685
8 682 685 684 686 688 695 696 691
9 688 696 685 686 684 682 695 698 691
20 687 698 691 689 695 690 697 696 681 699 694 682 692 684 686 685 693 680 683 688
10 682 695 686 690 698 685 684 691 688 696
11 681 690 682 686 695 688 684 696 685 698 691
12 698 684 686 680 688 695 681 690 691 685 682 696
13 685 681 691 680 682 686 695 693 684 690 688 696 698
14 696 691 684 687 688 698 695 680 682 681 690 686 685 693
15 689 685 695 698 691 686 693 696 688 682 687 681 690 680 684
16 693 681 682 694 689 695 684 680 685 696 690 688 691 698 686 687
17 682 694 698 685 680 687 691 684 681 693 695 697 686 689 688 696 690
18 688 681 693 690 696 680 692 687 691 689 694 682 684 686 697 698 695 685
19 686 697 694 695 693 689 683 685 696 680 691 684 681 688 698 692 682 687 690
1 713
2 706 713
3 713 706 711
4 711 713 706 717
5 713 717 706 704 711
6 713 706 708 717 711 704
7 704 713 714 706 711 717 708
8 706 704 713 711 714 708 707 717
9 706 714 704 707 703 717 711 708 713
10 711 703 704 713 717 715 714 707 706 708
11 705 703 715 714 708 706 713 707 711 704 717
12 713 707 703 715 714 705 711 709 704 717 708 706
13 702 703 707 705 717 714 704 713 709 711 708 715 706
14 702 717 711 706 715 705 716 704 708 714 703 707 709 713
15 705 716 704 715 709 714 711 701 713 702 706 717 708 707 703
16 705 716 712 706 715 703 701 707 713 709 702 711 714 717 708 704
17 716 700 713 706 703 714 712 702 715 709 708 705 707 704 711 717 701
18 712 717 709 707 718 716 705 713 700 704 702 706 715 708 703 711 714 701
19 708 709 700 706 716 707 704 714 719 702 711 718 703 701 705 715 717 713 712
20 701 702 711 707 716 719 713 715 706 714 700 710 712 704 705 709 718 708 703 717
1 727
2 731 727
3 731 729 727
4 731 727 729 722
5 727 731 722 723 729
6 727 731 722 721 723 729
7 722 721 739 723 731 729 727
8 722 723 731 727 729 732 721 739
9 731 734 732 723 729 721 727 739 722
10 722 723 721 729 732 731 738 727 734 739
20 725 734 720 722 732 733 731 724 729 728 721 737 727 726 739 738 736 730 723 735
11 722 723 732 734 727 733 729 721 739 731 738
12 732 738 729 723 734 731 728 727 739 733 721 722
13 727 723 728 724 733 729 739 722 721 738 734 731 732
14 738 739 735 733 731 728 729 734 727 722 724 723 732 721
15 726 735 734 731 724 732 729 721 723 728 722 733 738 739 727
16 735 733 738 721 722 723 734 729 736 739 726 728 727 732 724 731
17 727 738 732 735 726 721 728 729 733 734 725 723 722 724 731 739 736
18 727 731 739 722 729 738 721 720 724 735 723 734 725 736 733 728 726 732
19 722 732 729 728 724 721 737 731 720 727 725 736 734 735 738 726 723 733 739
1 752
2 755 752
3 755 756 752
4 755 752 740 756
5 755 756 744 752 740
6 754 744 755 740 756 752
7 756 754 755 743 744 752 740
8 752 743 756 740 753 755 744 754
9 757 743 755 754 753 740 756 752 744
10 740 754 757 753 755 742 744 756 752 743
20 741 753 740 744 748 755 743 754 747 746 745 757 759 752 749 750 758 751 756 742
11 744 753 756 754 742 757 749 755 743 740 752
12 753 752 743 754 755 742 758 744 756 757 740 749
13 740 743 749 752 755 747 756 753 758 757 742 754 744
14 757 756 755 749 743 753 740 752 758 748 754 747 744 742
15 742 753 756 752 748 747 757 740 755 745 749 743 758 744 754
16 757 745 754 758 747 752 753 759 749 744 756 740 748 743 742 755
17 744 749 756 752 742 757 755 740 759 754 758 743 753 747 748 746 745
18 749 755 740 748 743 751 756 742 747 745 757 754 758 753 752 744 759 746
19 740 755 759 749 757 744 748 754 756 743 758 753 745 746 752 750 742 751 747
1 778
20 761 776 778 768 762 763 772 767 771 774 760 766 770 769 765 777 775 773 779 764
2 778 765
3 771 778 765
4 765 771 767 778
5 769 778 765 771 767
6 769 771 778 765 764 767
7 778 765 771 764 767 777 769
8 765 774 769 764 767 778 777 771
9 769 767 778 764 777 765 774 760 771
10 778 760 769 767 771 764 765 774 777 775
11 767 774 778 777 765 760 771 769 764 763 775
12 763 767 771 762 765 775 778 764 777 774 769 760
13 765 774 762 767 760 775 763 778 769 776 771 777 764
14 772 763 771 769 762 774 775 764 778 777 765 760 767 776
15 762 778 765 760 776 763 764 777 766 771 769 772 767 775 774
16 771 765 766 767 774 773 775 772 764 760 763 778 762 777 769 776
17 776 777 771 775 764 774 778 760 763 762 770 772 773 767 765 769 766
18 761 765 776 774 772 773 760 769 770 777 763 778 764 762 766 771 767 775
19 765 771 774 760 770 761 768 762 773 777 776 766 778 769 763 775 764 772 767
1 798
2 789 798
3 789 798 796
4 799 796 789 798
5 797 796 799 789 798
6 780 799 796 797 789 798
7 796 799 797 780 798 789 790
8 789 797 790 796 780 798 799 783
9 797 790 799 796 783 780 793 789 798
10 797 799 789 782 790 793 796 780 783 798
11 799 783 797 790 785 796 793 782 780 798 789
12 780 782 789 798 783 796 781 790 793 797 799 785
13 790 797 785 796 782 789 781 787 799 798 783 793 780
14 782 796 785 797 781 799 787 789 783 792 790 798 793 780
15 787 798 783 780 789 791 793 785 782 799 792 790 797 796 781
16 796 780 798 781 782 789 793 791 790 788 783 787 799 792 797 785
17 792 788 780 782 781 797 796 783 799 787 793 785 790 791 798 789 786
18 792 780 788 799 787 786 789 791 796 782 785 798 790 793 784 797 781 783
19 782 789 791 790 784 781 783 793 788 792 799 786 785 795 780 798 796 797 787
20 791 783 798 787 788 781 785 786 782 790 796 784 780 797 789 795 792 793 794 799
