20 13 6 243
20 34 38 35 29 20 28 30 31 27 39 23 32 22 21 36 33 24 26 25 37
20 26 39 36 37 24 35 33 38 32 28 25 22 30 31 23 21 34 27 29 20
20 25 23 35 29 24 27 34 31 32 28 21 37 38 20 30 39 36 22 26 33
20 38 23 28 35 24 25 20 27 30 34 26 33 32 29 36 22 39 37 21 31
20 21 23 28 37 36 20 29 22 32 24 31 30 33 38 39 35 25 27 26 34
20 32 38 34 36 21 35 39 23 25 20 31 22 37 24 30 27 26 28 29 33
20 22 27 36 35 39 26 20 29 34 28 33 21 32 31 24 37 23 25 30 38
20 22 34 24 32 23 38 36 20 27 26 37 29 35 30 21 28 31 39 25 33
20 28 37 34 31 32 39 30 22 25 27 29 23 33 36 20 21 35 38 26 24
20 30 27 36 37 35 20 39 33 32 31 29 26 22 23 34 21 28 24 25 38
20 24 38 20 22 21 33 37 31 32 27 39 29 34 36 25 30 28 35 26 23
20 22 31 24 29 26 30 27 39 21 36 23 35 32 37 34 25 28 38 20 33
20 37 21 22 26 28 32 33 20 30 39 38 25 31 35 24 36 23 34 29 27
20 39 36 21 33 23 37 28 31 27 20 25 22 34 38 26 29 30 35 24 32
20 30 28 31 20 32 35 22 34 38 39 24 33 27 21 36 37 29 26 23 25
20 24 21 23 31 20 28 22 34 26 35 39 38 33 32 37 36 30 25 29 27
20 31 26 21 30 28 29 24 22 36 27 20 32 39 23 34 38 33 37 25 35
20 28 27 35 37 38 31 22 20 36 21 24 33 23 25 29 26 30 32 34 39
20 22 37 27 31 29 34 30 35 28 21 39 24 26 32 20 33 36 38 23 25
20 28 31 22 21 37 36 26 30 29 38 32 39 35 34 27 23 20 24 25 33
20 50 56 46 42 53 57 45 47 58 40 44 55 48 43 49 52 54 59 51 41
20 45 48 47 49 40 42 50 57 43 55 52 41 56 46 44 51 53 58 59 54
20 50 49 43 45 40 59 53 48 42 44 51 54 52 58 57 46 56 47 55 41
20 53 55 56 59 40 48 41 45 43 46 57 44 52 47 49 58 42 51 50 54
20 47 49 57 50 55 44 56 59 51 52 48 53 45 54 40 46 43 42 58 41
20 56 48 57 49 44 50 53 59 55 51 43 52 58 47 40 54 42 41 45 46
20 43 44 53 42 55 40 41 45 48 56 51 49 58 59 50 46 57 52 47 54
20 54 51 42 49 52 47 44 53 58 43 56 57 55 50 46 48 45 41 40 59
20 56 44 40 55 57 53 47 52 43 48 42 59 50 45 46 49 54 51 41 58
20 40 51 45 59 42 41 58 56 48 54 57 52 44 53 46 47 50 55 43 49
20 43 51 52 48 55 58 40 57 46 56 53 44 50 45 47 59 54 41 49 42
20 57 40 59 47 42 41 52 54 56 48 58 45 44 43 46 49 53 50 55 51
20 43 55 45 46 44 50 53 42 47 57 59 52 40 41 51 49 54 56 58 48
20 55 47 57 42 48 43 40 51 49 59 56 52 53 54 41 45 50 44 46 58
20 43 44 48 54 51 56 55 45 53 59 52 47 41 46 42 50 58 57 49 40
20 45 56 54 53 44 41 43 51 59 40 57 42 50 48 47 58 55 52 49 46
20 45 55 50 52 47 40 58 59 57 54 56 53 42 41 51 44 49 43 48 46
20 54 48 43 49 57 50 55 44 45 52 51 58 47 46 42 59 53 41 56 40
20 41 51 47 48 49 45 44 58 42 56 46 55 54 57 50 43 52 40 59 53
20 59 43 57 51 56 41 40 49 47 44 58 46 45 55 50 54 52 53 42 48
20 73 71 63 62 68 65 78 60 77 76 70 74 69 67 79 61 66 75 64 72
20 63 76 70 61 67 68 60 65 75 66 69 74 78 73 79 71 62 77 64 72
20 70 69 76 63 64 78 73 61 65 71 66 60 62 75 79 77 68 67 74 72
20 77 79 68 75 69 70 61 66 65 74 71 60 76 64 67 72 73 62 63 78
20 65 62 71 75 67 73 61 77 70 76 63 78 60 72 68 69 66 64 79 74
20 69 68 79 65 71 75 67 63 74 72 70 66 73 60 61 62 78 64 76 77
20 65 70 61 73 77 78 67 79 72 76 62 68 71 64 60 75 74 63 66 69
20 76 68 78 77 73 69 74 60 70 64 79 61 71 65 63 62 67 75 66 72
20 73 78 69 66 76 62 64 70 75 71 63 79 61 72 67 68 65 74 60 77
20 74 66 67 73 65 75 70 60 61 62 77 72 76 69 71 79 68 64 78 63
20 64 76 72 69 78 62 73 68 65 74 71 61 60 77 79 63 66 67 75 70
20 73 60 69 67 65 61 77 71 63 75 74 79 72 78 64 76 66 62 70 68
20 79 78 69 63 64 72 77 68 60 70 74 62 71 65 75 66 67 61 76 73
20 64 77 61 74 62 69 76 67 72 78 70 63 68 75 65 66 71 60 73 79
20 73 77 62 65 78 66 71 60 63 79 72 76 74 64 67 68 61 75 69 70
20 65 68 67 72 66 77 62 76 75 74 63 61 71 73 69 64 70 78 60 79
20 65 66 74 68 75 77 79 61 72 62 67 69 70 60 73 63 78 76 64 71
20 79 78 74 63 76 68 62 65 73 66 71 77 72 64 61 69 67 75 70 60
20 76 64 65 72 74 61 77 68 79 67 69 66 71 73 60 78 62 63 70 75
20 68 73 70 72 78 74 77 62 76 64 71 75 67 69 65 79 66 61 60 63
20 88 94 95 89 90 83 85 99 84 96 97 81 98 87 86 91 92 82 93 80
20 90 93 80 85 95 92 84 87 89 82 83 81 88 86 97 98 96 91 99 94
20 98 83 91 81 92 82 99 80 97 85 89 86 93 95 90 87 94 96 84 88
20 85 81 90 83 98 94 87 80 91 99 97 86 92 88 95 89 82 93 84 96
20 83 88 82 99 84 86 96 92 98 93 94 95 91 89 81 97 85 80 90 87
20 96 97 93 91 99 89 86 85 80 92 90 82 98 83 94 87 81 88 95 84
20 99 88 83 96 89 93 82 92 91 90 84 97 87 95 85 98 81 86 94 80
20 87 93 99 95 80 98 97 82 85 81 86 89 94 83 92 90 84 96 91 88
20 89 97 96 94 80 87 92 95 90 81 98 93 82 85 99 84 88 83 91 86
20 95 83 81 86 89 88 92 99 98 85 96 90 91 94 84 82 87 80 97 93
20 90 93 82 94 96 80 86 83 91 88 95 98 85 89 84 87 92 81 99 97
20 94 87 96 89 88 99 81 98 84 85 83 93 95 80 82 91 97 86 90 92
20 88 84 86 87 97 99 98 80 94 91 92 85 96 89 83 93 81 82 95 90
20 95 84 88 94 89 85 96 99 86 97 82 80 98 87 92 90 81 93 83 91
20 86 80 95 81 94 93 88 85 91 89 90 99 98 84 96 92 82 83 97 87
20 97 94 95 84 83 93 92 87 91 80 98 86 88 89 96 85 82 90 81 99
20 93 86 83 88 82 89 87 84 99 81 94 95 98 85 96 97 80 91 92 90
20 89 83 96 91 86 87 85 99 98 92 93 88 97 90 95 84 94 81 80 82
20 85 97 99 86 92 83 89 82 94 80 88 93 98 91 84 87 90 95 96 81
20 94 80 84 89 81 85 86 88 96 91 82 93 98 87 95 97 90 83 99 92
20 115 119 108 116 117 109 101 104 106 110 105 102 107 118 103 114 100 112 111 113
20 104 111 100 113 102 106 110 109 115 114 112 117 101 108 103 107 116 105 119 118
20 110 119 116 115 107 106 105 118 114 102 103 100 109 112 104 113 111 117 108 101
20 119 104 111 114 102 118 115 107 101 110 106 103 109 100 113 108 117 105 116 112
20 118 110 115 104 119 112 111 101 105 109 108 116 103 113 107 106 114 100 102 117
20 113 108 117 101 114 119 111 110 100 102 103 105 115 104 106 116 107 109 118 112
20 101 114 118 110 104 112 102 116 109 117 106 119 105 107 111 103 113 100 115 108
20 118 109 102 110 116 114 115 100 106 107 105 119 101 112 117 104 108 103 113 111
20 117 103 114 116 113 108 119 102 118 105 115 110 100 111 106 101 104 112 109 107
20 100 117 110 114 113 116 104 111 119 107 106 118 115 103 112 105 101 108 102 109
20 116 105 110 119 106 117 108 107 101 114 113 111 109 103 118 100 104 112 102 115
20 102 115 111 105 101 116 104 100 114 119 113 117 118 103 108 107 106 110 109 112
20 105 102 112 101 116 119 115 108 111 103 113 110 117 104 100 106 109 107 118 114
20 103 108 116 100 115 107 104 111 110 119 109 101 105 118 114 113 106 112 117 102
20 119 100 113 115 108 118 116 105 117 112 103 111 106 102 101 114 107 104 109 110
20 115 102 114 107 100 117 101 110 111 104 108 118 106 109 119 112 103 116 105 113
20 100 114 117 118 101 112 116 115 119 108 102 113 111 109 106 107 104 103 105 110
20 114 112 103 106 108 111 113 100 115 104 105 107 117 101 109 110 102 119 118 116
20 106 111 116 105 118 112 101 119 117 109 103 100 102 113 104 107 108 115 110 114
20 101 113 106 102 119 109 114 117 104 115 116 108 103 111 107 112 110 118 105 100
20 125 139 132 127 126 136 130 138 137 128 124 134 122 133 120 129 135 123 121 131
20 126 133 138 122 134 120 130 139 127 131 124 128 125 129 123 136 121 137 135 132
20 134 131 137 135 130 122 136 133 126 139 120 124 121 132 123 127 128 129 138 125
20 128 135 133 124 120 134 126 122 139 137 130 131 123 127 121 125 132 136 138 129
20 128 134 136 139 123 120 124 135 121 122 127 130 137 126 129 131 132 138 133 125
20 124 130 133 123 127 125 132 134 121 122 139 129 138 128 131 136 135 120 137 126
20 133 134 132 121 120 139 125 135 138 130 129 127 122 124 128 136 126 131 137 123
20 121 132 133 138 124 122 128 131 126 127 136 130 129 137 139 125 123 120 135 134
20 124 131 123 122 132 126 120 130 129 127 121 137 125 139 134 133 135 128 138 136
20 133 122 137 128 124 138 120 130 121 123 139 131 135 136 126 132 127 125 134 129
20 122 139 136 120 138 130 121 127 123 134 137 129 125 133 135 128 126 132 124 131
20 128 127 133 131 129 120 126 134 135 130 123 125 137 138 121 139 136 124 132 122
20 122 127 126 138 124 125 136 131 129 128 132 139 130 135 120 133 121 123 137 134
20 132 124 134 139 130 126 129 128 137 125 138 121 127 133 136 123 122 135 131 120
20 120 139 127 123 129 125 124 136 126 130 121 137 135 132 134 122 131 128 138 133
20 120 136 124 132 122 125 121 127 138 129 133 128 126 131 123 137 134 130 139 135
20 127 122 131 128 135 138 126 124 121 132 125 130 137 129 120 123 136 134 133 139
20 129 132 131 137 136 127 126 123 135 124 130 133 128 125 120 121 134 138 139 122
20 131 138 121 120 125 124 134 132 128 136 133 139 130 126 127 137 135 122 123 129
20 124 139 133 127 128 125 121 131 122 132 129 120 135 136 123 134 130 138 126 137
20 159 146 155 154 151 156 158 147 142 141 148 140 149 152 153 143 150 145 144 157
20 159 151 150 154 156 155 146 141 142 140 147 157 143 148 153 144 149 158 145 152
20 145 151 146 140 147 153 155 150 148 154 141 157 159 152 142 158 144 156 143 149
20 157 156 147 143 140 141 158 155 142 146 144 154 151 145 159 149 152 153 148 150
20 144 155 159 147 141 157 158 150 142 140 149 153 154 156 151 146 152 145 148 143
20 153 156 141 148 154 155 159 149 145 151 152 158 143 144 157 142 140 146 150 147
20 157 150 153 152 146 149 158 148 154 145 142 159 140 144 143 147 155 151 156 141
20 140 154 158 157 155 159 145 153 141 150 147 148 146 144 151 149 143 142 156 152
20 147 151 145 154 140 152 141 142 155 144 146 157 149 158 159 148 150 143 156 153
20 146 149 143 141 159 145 157 151 148 155 153 158 140 144 147 150 156 152 154 142
20 142 144 159 150 153 148 155 157 156 141 146 149 147 143 151 145 140 154 158 152
20 147 159 154 146 141 156 140 158 144 150 155 143 148 149 142 145 153 152 157 151
20 159 152 145 141 142 158 140 154 148 146 157 156 143 151 155 149 147 153 150 144
20 159 152 147 150 155 154 140 146 143 141 142 148 153 156 151 144 145 157 158 149
20 157 159 149 155 151 154 153 150 156 142 158 144 146 147 141 143 152 140 145 148
20 150 140 145 155 149 153 157 148 158 152 142 151 154 147 144 156 141 143 159 146
20 158 149 155 148 144 152 154 151 150 146 141 147 156 153 142 143 145 140 159 157
20 141 155 158 149 148 153 157 151 143 156 142 144 147 140 152 154 145 146 159 150
20 151 155 142 152 159 145 154 141 156 150 143 149 146 158 148 147 144 153 157 140
20 145 143 154 141 153 151 148 150 147 156 152 140 159 157 155 146 149 158 144 142
20 178 163 172 175 167 177 162 173 171 169 170 168 179 160 165 164 174 161 166 176
20 171 173 166 172 174 176 164 165 161 169 163 170 168 178 177 167 160 179 175 162
20 175 179 171 163 169 178 167 176 172 160 173 174 165 170 166 162 177 161 168 164
20 175 165 169 164 170 173 174 172 177 162 178 171 161 179 167 163 160 168 166 176
20 162 168 171 170 160 166 175 172 169 179 174 161 164 173 167 176 165 163 177 178
20 169 173 170 171 161 162 179 177 174 167 168 172 163 160 165 175 178 166 176 164
20 173 166 165 163 176 170 178 171 172 174 161 175 162 177 167 168 164 169 179 160
20 168 164 178 172 176 171 175 169 160 161 165 166 162 170 177 163 179 174 173 167
20 163 179 174 175 161 171 160 168 173 164 177 165 162 178 166 170 169 172 167 176
20 176 171 161 174 160 179 166 178 172 177 169 168 164 163 173 165 167 170 175 162
20 175 163 178 168 172 170 160 162 167 166 171 179 173 161 174 164 177 165 176 169
20 179 174 175 162 177 160 168 176 167 170 178 171 166 169 173 172 164 165 163 161
20 171 161 169 172 178 177 160 163 176 165 175 168 167 174 179 162 164 166 170 173
20 167 161 171 168 163 178 170 177 176 164 175 179 169 166 174 172 160 173 162 165
20 171 161 160 174 162 177 179 164 167 176 172 169 175 170 163 165 173 178 168 166
20 161 169 160 166 167 168 176 172 171 174 162 173 164 178 163 177 175 179 170 165
20 169 168 172 170 171 166 162 161 167 174 164 160 173 177 176 178 163 179 165 175
20 165 172 175 177 164 173 179 174 160 169 171 170 168 163 162 176 167 161 178 166
20 163 178 171 174 166 160 168 175 162 173 177 167 172 176 179 164 170 161 165 169
20 162 172 176 168 163 179 178 171 164 173 167 161 174 169 170 177 165 160 166 175
20 191 194 198 192 189 199 197 185 196 195 183 180 186 184 190 182 181 193 188 187
20 193 198 180 197 188 195 183 196 182 186 192 189 187 199 194 185 181 184 190 191
20 197 190 187 195 196 191 185 194 180 186 182 184 183 193 192 188 181 198 189 199
20 193 192 188 184 190 189 194 199 181 195 180 198 183 187 196 191 186 182 185 197
20 182 198 191 184 186 185 199 180 193 194 192 197 196 189 190 195 187 183 181 188
20 198 195 192 186 185 194 180 196 189 187 184 182 183 188 181 197 193 199 190 191
20 191 196 192 199 189 183 194 190 186 187 193 184 181 188 185 182 197 180 195 198
20 195 184 187 193 198 189 185 190 196 194 182 199 192 181 183 186 180 188 197 191
20 194 191 197 182 190 188 186 199 187 195 185 198 180 196 181 184 193 189 183 192
20 197 193 182 195 191 199 188 186 190 194 189 184 192 180 185 181 187 183 196 198
20 183 194 193 180 186 184 199 190 188 195 189 192 191 187 197 185 196 181 182 198
20 193 185 198 180 195 182 196 191 181 194 189 187 197 183 186 199 192 184 188 190
20 187 183 192 196 185 191 194 180 199 182 189 186 184 197 195 190 181 193 188 198
20 184 196 199 191 182 186 180 197 194 181 185 189 198 195 188 193 187 183 192 190
20 193 180 188 184 186 181 191 182 196 195 185 183 198 197 190 189 199 192 187 194
20 186 195 181 194 183 192 187 191 196 188 197 184 189 185 182 199 193 180 190 198
20 182 186 180 187 197 183 184 192 191 198 193 181 195 190 189 188 196 194 185 199
20 194 190 186 195 183 196 181 198 199 191 187 189 193 197 184 182 185 188 180 192
20 187 199 194 189 197 198 190 188 191 184 192 180 195 182 185 196 193 183 186 181
20 197 199 184 185 191 198 187 194 180 186 196 182 190 193 195 189 181 183 192 188
20 208 216 202 203 205 219 210 207 214 215 212 209 206 211 204 201 200 217 213 218
20 215 213 204 210 218 216 202 203 212 219 211 201 214 206 207 208 205 209 217 200
20 218 202 208 209 216 211 204 210 207 203 200 215 217 206 213 212 205 214 201 219
20 202 213 216 215 201 203 207 210 209 205 212 204 218 206 208 211 200 214 219 217
20 200 217 218 204 207 205 203 214 219 212 211 216 209 213 202 206 215 201 210 208
20 206 215 211 216 207 201 212 203 218 205 210 219 204 214 209 217 213 200 202 208
20 205 216 212 202 219 209 214 206 215 208 204 210 218 211 200 217 201 213 207 203
20 207 219 215 217 212 205 211 214 204 213 200 216 201 202 208 206 209 218 203 210
20 215 202 211 212 207 210 213 209 201 203 219 204 205 208 217 216 214 206 218 200
20 200 209 202 216 210 212 203 211 201 208 207 213 205 218 215 219 217 214 204 206
20 218 215 204 216 201 212 205 203 200 214 208 207 202 219 213 206 210 217 209 211
20 214 205 213 201 210 215 218 208 219 209 200 211 204 202 212 216 206 207 217 203
20 217 210 202 206 200 203 219 218 216 207 201 209 213 212 204 214 205 211 208 215
20 218 219 213 207 202 215 214 208 200 201 209 205 210 217 203 211 204 212 206 216
20 205 209 215 211 208 200 217 201 202 218 207 212 216 206 203 213 219 204 214 210
20 200 217 201 208 218 211 212 203 216 204 210 214 206 202 209 215 205 213 207 219
20 211 206 219 205 217 207 212 200 202 216 215 218 209 201 203 210 213 214 208 204
20 201 206 207 218 215 216 209 205 213 219 217 211 214 202 208 200 212 204 210 203
20 204 206 213 212 211 205 217 203 210 216 208 214 207 202 218 209 201 215 200 219
20 217 207 205 203 211 200 210 212 201 213 209 218 208 214 215 206 219 216 204 202
20 235 238 232 236 233 234 239 229 226 224 225 222 220 237 223 227 228 221 230 231
20 227 223 222 220 234 238 236 232 233 239 235 226 224 231 237 225 230 229 221 228
20 226 227 231 234 233 228 239 235 224 237 223 229 232 238 225 221 236 220 222 230
20 229 238 226 233 228 221 232 225 239 231 234 236 230 235 220 224 237 222 223 227
20 237 235 226 234 223 225 233 222 228 221 220 227 236 232 231 229 230 239 238 224
20 231 239 220 221 235 224 234 233 238 236 237 222 230 226 229 232 225 227 223 228
20 224 236 229 239 222 227 225 223 220 221 226 233 232 237 228 231 235 238 230 234
20 227 236 225 230 233 237 221 224 235 231 239 226 222 220 238 234 223 228 229 232
20 221 231 232 239 224 225 223 237 236 233 220 227 228 234 238 230 229 235 222 226
20 228 222 223 226 236 238 232 221 220 224 230 237 227 229 234 239 225 231 235 233
20 221 232 223 228 231 233 237 230 238 227 224 236 229 226 235 239 234 225 222 220
20 224 237 227 226 231 232 230 221 229 228 223 239 236 233 234 235 220 225 238 222
20 229 228 230 239 233 222 225 224 237 235 232 220 223 238 226 236 227 221 234 231
20 239 229 223 228 225 236 230 227 222 237 220 224 232 226 231 221 234 235 233 238
20 223 225 234 221 236 228 237 222 235 220 224 230 232 238 226 231 229 227 233 239
20 221 231 237 220 228 235 239 226 234 227 232 225 229 224 230 233 222 223 236 238
20 224 226 220 221 223 239 234 225 232 237 236 229 230 235 231 238 228 227 233 222
20 233 228 225 223 226 222 230 238 237 239 221 236 232 234 227 235 231 229 224 220
20 224 225 237 233 222 220 226 239 230 228 234 229 221 235 232 227 223 236 238 231
20 227 226 238 221 239 230 231 237 229 235 233 232 234 220 228 223 224 222 236 225
20 244 252 240 243 247 253 246 251 242 245 257 256 249 255 250 254 259 248 241 258
20 240 259 257 246 256 252 247 242 254 244 249 251 245 243 258 248 253 250 255 241
20 252 243 257 249 247 245 248 258 240 254 244 256 251 259 255 246 253 242 241 250
20 255 256 257 241 248 250 251 254 244 249 246 243 240 242 253 247 245 258 259 252
20 246 257 243 259 242 248 250 252 241 240 253 258 251 244 256 245 255 249 254 247
20 256 255 259 247 252 250 240 244 242 241 249 251 248 245 257 253 258 254 243 246
20 257 259 258 247 242 245 252 246 248 243 241 254 256 244 240 253 251 250 255 249
20 246 252 240 257 250 244 256 247 248 254 249 251 253 245 242 258 255 259 241 243
20 249 247 245 255 243 240 257 241 253 259 242 246 250 252 248 256 244 258 254 251
20 253 250 245 252 259 241 243 257 254 248 244 258 251 242 255 256 247 249 246 240
20 241 244 259 253 251 240 245 256 250 257 255 249 248 247 252 242 254 243 246 258
20 247 256 246 241 242 253 240 243 258 248 251 255 259 252 254 257 250 245 244 249
20 248 246 252 244 256 251 257 250 241 243 240 254 253 242 258 249 247 255 245 259
20 259 243 256 250 252 244 253 242 241 246 249 257 248 251 254 245 247 240 258 255
20 248 252 241 243 258 249 251 247 253 254 255 245 246 257 256 244 240 250 242 259
20 251 245 249 257 248 243 256 252 259 250 247 254 244 242 240 246 241 258 255 253
20 242 256 249 253 244 245 241 240 247 259 246 258 251 243 248 254 252 250 255 257
20 251 258 253 259 255 240 249 243 256 244 257 241 252 242 246 248 245 250 254 247
20 250 257 245 240 253 243 241 246 251 242 244 248 247 249 256 259 258 255 252 254
20 248 259 251 250 246 249 256 240 253 257 242 255 258 252 247 243 245 241 244 254
