19 14 16 260
19 37 21 27 33 28 22 23 35 20 30 29 26 31 32 36 34 19 25 24
19 30 29 23 19 32 37 35 24 21 31 27 34 26 20 36 28 25 33 22
19 30 25 21 31 27 28 35 20 36 19 37 24 29 34 26 33 23 22 32
19 34 22 36 19 24 37 31 35 30 32 25 28 33 29 21 26 23 20 27
19 23 21 30 34 37 27 19 29 28 20 25 36 26 22 24 32 31 33 35
19 25 35 32 21 27 31 23 19 30 33 26 29 28 36 20 22 34 24 37
19 31 25 29 34 36 27 26 35 30 20 22 37 23 19 28 21 32 33 24
19 28 26 27 19 31 20 33 21 37 23 22 36 29 24 35 30 34 25 32
19 23 25 33 36 30 34 29 22 19 24 28 20 31 26 35 21 27 37 32
19 37 31 27 33 22 25 29 35 23 21 28 34 24 32 20 19 36 26 30
19 36 29 24 34 27 32 22 33 21 19 20 23 30 26 25 28 35 31 37
19 21 25 34 28 32 29 23 37 31 22 24 20 35 26 33 19 36 30 27
19 22 29 37 25 27 36 23 31 32 20 28 33 19 24 26 34 21 35 30
19 20 29 33 21 25 35 32 28 30 23 26 36 37 27 22 34 31 19 24
19 35 32 25 27 34 29 19 33 21 26 37 23 24 22 30 20 31 36 28
19 22 34 30 26 29 32 27 19 28 33 23 37 36 21 25 24 20 31 35
19 21 28 23 32 33 26 31 37 30 34 22 19 35 25 29 36 20 27 24
19 30 37 34 31 35 36 22 19 26 24 25 29 28 33 27 32 23 20 21
19 35 20 37 32 21 26 25 34 29 22 27 30 36 24 31 28 33 23 19
19 39 51 55 47 49 41 54 46 43 42 56 48 50 40 53 45 38 52 44
19 41 52 48 42 38 54 43 53 39 50 45 40 47 44 51 56 46 49 55
19 45 40 38 39 56 49 54 55 44 51 48 43 42 53 46 50 47 52 41
19 45 55 48 56 41 50 51 46 44 38 53 39 49 40 42 47 43 54 52
19 55 53 49 40 43 44 46 45 52 54 50 48 56 41 38 39 42 47 51
19 38 54 41 55 53 39 50 40 56 51 47 46 48 45 52 44 43 42 49
19 52 55 47 56 49 39 38 42 40 44 46 48 53 43 54 45 50 51 41
19 43 50 45 55 53 47 56 54 38 40 52 44 48 42 51 39 46 49 41
19 46 43 54 55 41 52 56 40 42 44 49 39 38 45 48 50 53 47 51
19 47 49 48 56 45 40 46 53 52 55 54 44 38 42 50 51 39 41 43
19 46 39 45 42 41 56 51 43 49 44 54 55 38 52 50 47 40 48 53
19 55 45 47 44 41 46 42 43 53 48 52 49 38 50 51 40 56 54 39
19 40 45 53 51 56 52 44 39 47 38 42 55 50 48 46 43 49 41 54
19 51 42 48 41 44 52 56 55 46 43 47 45 38 54 49 53 50 39 40
19 47 44 40 48 49 50 41 52 46 53 51 43 56 42 38 54 55 39 45
19 44 55 43 53 50 54 46 41 47 45 39 48 51 40 56 38 42 52 49
19 40 47 44 52 51 54 38 53 39 56 45 55 42 48 43 46 49 50 41
19 54 42 51 49 43 55 46 41 48 40 39 50 52 53 47 56 45 44 38
19 41 43 42 44 53 50 40 46 38 39 47 55 51 56 52 45 49 48 54
19 61 73 63 69 64 71 62 70 75 60 57 74 59 68 58 67 72 66 65
19 71 61 69 57 58 75 60 68 72 73 63 66 59 70 65 67 64 74 62
19 71 67 73 57 61 59 66 58 69 65 60 74 64 68 62 63 72 75 70
19 59 71 60 57 58 63 72 66 73 64 67 62 70 75 69 65 61 74 68
19 69 65 71 60 62 75 74 72 70 73 67 63 58 61 68 64 66 57 59
19 64 63 68 74 72 71 75 59 62 61 69 58 70 73 57 65 66 67 60
19 69 66 67 62 60 58 71 59 61 74 64 70 75 72 68 73 63 65 57
19 65 74 68 66 57 73 61 67 63 58 59 69 72 70 64 62 60 75 71
19 75 64 66 61 60 72 67 69 57 65 74 58 70 62 68 71 63 73 59
19 57 66 72 63 69 68 58 64 67 71 75 73 59 65 62 74 60 61 70
19 65 64 59 61 74 72 57 73 66 67 58 62 69 60 71 63 75 70 68
19 65 60 70 68 58 57 62 72 74 59 73 69 66 64 67 71 63 61 75
19 60 72 74 61 69 70 65 73 71 75 62 59 58 57 67 64 68 66 63
19 57 62 68 65 66 75 70 72 67 74 58 71 59 60 63 61 73 69 64
19 60 57 69 65 74 64 67 75 73 66 68 58 62 70 63 71 59 61 72
19 71 69 59 68 60 63 61 72 70 73 57 64 67 74 75 65 62 66 58
19 60 72 59 58 61 71 62 73 75 69 70 68 63 74 57 64 66 67 65
19 61 62 58 57 74 63 69 73 67 60 71 66 72 68 65 59 64 70 75
19 70 71 74 67 65 61 68 75 64 60 69 63 73 62 57 59 72 58 66
19 77 93 81 86 78 89 80 87 85 79 83 91 82 94 88 84 76 92 90
19 84 83 89 86 92 94 79 80 78 82 85 93 91 76 90 88 77 87 81
19 81 80 88 83 78 92 79 93 86 77 82 76 94 87 85 84 90 89 91
19 85 86 89 92 82 84 79 93 80 88 83 76 91 94 77 87 81 90 78
19 77 79 82 90 94 78 80 93 83 92 91 84 89 81 88 76 87 86 85
19 83 91 92 78 93 84 89 94 85 90 76 86 88 77 80 87 81 79 82
19 94 84 87 82 92 93 83 80 86 79 91 89 78 85 88 77 90 76 81
19 81 85 82 79 89 94 78 93 76 80 77 87 86 91 88 83 84 90 92
19 77 82 84 78 76 79 93 90 87 81 86 92 91 94 80 88 89 85 83
19 76 78 79 81 92 85 80 94 82 87 83 77 93 86 91 90 84 88 89
19 87 94 84 78 83 86 76 92 91 82 89 79 90 80 93 77 85 88 81
19 77 85 86 93 76 90 82 78 89 87 88 92 81 83 80 94 91 79 84
19 82 89 85 88 78 94 86 81 87 83 79 84 80 90 92 93 77 91 76
19 76 84 90 91 87 77 80 92 85 82 88 83 93 79 86 94 89 81 78
19 78 93 86 88 92 87 94 81 84 91 80 90 89 76 77 79 83 82 85
19 79 76 85 83 91 89 90 87 86 77 84 88 92 93 78 80 81 94 82
19 81 82 79 77 92 83 86 93 85 80 94 88 84 91 90 78 87 76 89
19 80 90 82 88 83 77 89 86 87 91 84 94 78 79 85 93 81 92 76
19 93 92 90 84 82 85 83 94 77 81 88 91 79 89 87 76 78 80 86
19 100 96 101 99 95 110 111 113 98 112 102 107 108 106 105 109 104 103 97
19 96 103 102 105 113 106 111 104 109 97 99 98 107 108 110 100 112 95 101
19 109 108 96 103 106 99 110 113 102 104 101 95 105 98 112 97 100 111 107
19 99 106 100 96 108 103 110 109 111 101 97 105 95 104 98 102 113 107 112
19 99 108 95 98 102 107 113 112 106 110 109 97 100 103 104 101 96 111 105
19 113 97 100 105 111 104 98 107 102 95 103 106 99 101 112 110 108 109 96
19 105 107 99 95 100 110 98 97 96 101 108 102 111 112 106 104 113 109 103
19 100 110 109 96 113 97 95 99 111 112 106 105 104 98 102 103 107 108 101
19 95 102 106 104 113 97 105 96 99 108 112 98 107 110 109 101 100 111 103
19 104 99 109 105 103 112 108 111 101 97 110 100 106 107 95 98 113 96 102
19 108 111 96 99 100 103 112 109 105 104 106 98 113 102 95 97 110 107 101
19 96 101 106 105 111 109 95 98 108 102 113 103 112 110 97 104 107 100 99
19 100 113 97 110 96 112 101 105 111 102 99 107 95 108 106 109 104 98 103
19 109 96 102 107 108 99 113 106 110 103 95 97 112 100 111 101 105 104 98
19 98 102 100 107 105 97 99 112 108 113 110 103 109 95 106 101 104 96 111
19 105 107 97 99 112 96 98 113 110 106 111 101 108 100 103 95 102 104 109
19 104 102 110 109 113 100 97 101 103 108 107 105 111 112 106 96 95 98 99
19 111 95 108 106 109 96 101 99 97 112 100 103 98 107 110 102 104 105 113
19 112 106 98 104 99 108 102 101 96 109 97 103 107 100 110 111 105 113 95
19 116 124 127 128 118 126 117 114 121 125 130 115 129 123 120 122 132 119 131
19 117 120 118 128 130 127 115 116 122 114 129 123 132 126 125 121 131 124 119
19 125 121 131 117 129 120 132 123 130 116 122 127 118 124 128 114 115 126 119
19 117 121 130 131 120 122 129 114 124 127 119 116 126 118 115 125 132 128 123
19 121 130 128 124 120 129 115 123 125 127 131 126 118 114 117 119 116 132 122
19 125 130 116 119 122 117 131 123 128 121 127 114 132 118 126 120 129 115 124
19 130 115 120 131 128 124 116 119 122 125 132 118 123 129 121 114 117 127 126
19 115 127 119 126 128 129 117 125 122 121 116 118 131 120 132 130 124 114 123
19 122 126 127 116 131 132 129 119 114 117 115 118 121 125 130 120 124 128 123
19 119 122 131 115 121 129 128 116 126 123 124 127 114 125 118 132 117 120 130
19 126 123 117 116 127 118 125 114 129 122 128 121 130 115 131 119 124 120 132
19 132 126 125 123 118 115 124 131 127 119 121 122 117 120 130 114 116 128 129
19 132 120 131 127 123 125 124 130 122 128 129 121 126 114 119 118 115 117 116
19 127 131 122 124 119 114 116 117 115 120 126 125 128 130 132 118 129 121 123
19 119 125 114 131 118 126 116 120 132 117 122 128 115 130 124 121 129 127 123
19 132 129 117 115 131 127 122 123 114 128 118 125 121 120 116 124 126 119 130
19 126 116 125 120 115 124 118 119 123 114 131 121 117 132 129 122 127 130 128
19 124 128 120 132 125 122 117 123 129 126 114 121 130 119 115 131 116 127 118
19 117 125 128 118 126 130 132 123 120 127 121 119 116 115 129 131 122 124 114
19 133 141 147 149 145 135 138 140 136 150 151 139 143 134 137 144 142 148 146
19 150 148 140 147 145 134 143 138 133 146 135 136 141 151 149 139 142 137 144
19 146 134 135 145 150 148 137 138 136 142 139 149 140 144 133 143 151 141 147
19 142 140 134 143 146 151 137 144 141 149 139 138 148 135 145 147 150 136 133
19 149 137 135 138 143 150 145 146 133 142 147 141 140 134 148 139 144 136 151
19 137 136 134 142 133 139 145 151 149 144 147 148 146 135 140 150 141 138 143
19 133 140 145 136 146 139 151 148 150 134 135 149 138 143 137 147 141 144 142
19 151 147 139 136 133 135 143 148 141 150 140 138 144 142 146 145 134 137 149
19 145 143 139 133 147 149 141 148 136 150 138 142 144 140 134 146 151 135 137
19 135 142 146 149 138 151 144 139 133 141 145 150 134 147 143 136 148 137 140
19 133 140 135 151 143 137 138 139 145 134 136 148 141 147 150 144 149 142 146
19 134 147 141 144 151 145 136 149 143 133 140 146 138 150 135 137 139 148 142
19 141 143 138 137 140 144 150 135 133 136 134 151 142 146 149 139 147 145 148
19 140 135 142 149 150 141 133 144 146 138 151 137 139 143 136 134 148 145 147
19 137 149 135 150 138 136 145 140 134 151 148 147 143 142 146 141 133 144 139
19 135 133 145 148 139 138 147 142 141 146 144 151 143 134 136 140 150 149 137
19 150 133 140 145 134 149 141 148 139 151 136 137 142 144 143 135 138 147 146
19 139 144 147 141 142 133 135 151 143 137 136 150 140 138 149 148 145 146 134
19 136 151 133 139 148 138 142 149 146 147 141 144 143 145 135 137 150 140 134
19 168 158 163 167 154 156 157 153 159 162 155 169 165 164 166 160 152 170 161
19 164 161 162 158 169 166 153 159 152 157 155 165 170 167 160 163 156 154 168
19 158 155 162 152 157 163 153 170 159 154 169 168 167 166 156 161 160 165 164
19 154 153 159 156 166 158 152 170 163 155 161 164 169 160 167 168 162 165 157
19 160 157 152 159 158 155 169 166 170 163 153 165 154 167 156 164 161 168 162
19 160 152 154 156 169 159 161 166 167 165 170 163 158 162 153 164 155 168 157
19 157 167 162 170 152 161 166 164 159 160 153 169 163 156 158 155 168 154 165
19 166 162 164 157 163 154 153 160 165 170 168 159 161 155 152 169 167 156 158
19 165 164 161 158 170 166 157 162 155 168 154 152 160 153 163 167 156 169 159
19 164 163 153 160 169 155 165 157 167 158 156 162 170 168 152 154 161 159 166
19 162 156 169 165 158 166 159 164 168 154 170 167 152 163 160 157 155 153 161
19 152 160 156 159 153 158 166 165 167 162 154 168 164 157 170 163 169 155 161
19 156 165 154 167 169 170 168 164 159 160 162 152 155 163 161 157 158 153 166
19 164 156 168 163 158 153 157 170 165 154 161 167 166 162 155 160 152 169 159
19 154 170 162 152 167 168 158 163 166 159 155 161 156 165 153 169 164 157 160
19 166 159 167 163 160 153 154 170 164 169 155 165 156 168 157 158 162 152 161
19 166 159 153 161 168 155 169 158 170 167 164 163 157 162 156 154 152 160 165
19 159 168 169 158 167 162 152 153 155 164 166 160 170 157 154 156 161 163 165
19 162 160 155 161 156 157 169 164 166 159 154 152 167 170 153 158 165 168 163
19 180 188 184 181 186 187 185 175 183 178 173 174 171 189 177 172 182 176 179
19 178 189 187 175 176 177 180 184 185 173 181 183 172 188 174 182 186 179 171
19 185 181 180 183 179 187 176 189 171 174 188 173 175 182 186 177 172 184 178
19 182 187 171 173 179 189 177 172 181 184 186 175 178 174 185 176 180 188 183
19 188 172 180 182 176 178 177 186 184 174 175 181 173 179 189 187 185 183 171
19 176 180 181 183 175 177 186 172 179 182 184 171 189 188 185 173 174 178 187
19 174 187 176 180 175 185 181 186 188 172 178 182 177 189 184 179 171 173 183
19 175 184 178 171 176 182 177 185 186 172 188 174 179 181 173 180 189 183 187
19 171 182 184 174 183 180 178 175 185 179 187 173 181 172 176 189 188 186 177
19 186 178 187 173 180 181 172 177 184 189 175 179 188 182 174 185 183 171 176
19 175 178 188 183 186 184 174 177 176 180 187 185 181 172 171 189 173 182 179
19 186 181 182 183 178 175 172 188 185 179 171 184 180 177 176 173 187 174 189
19 180 172 178 171 179 173 176 182 187 175 188 184 186 185 181 177 183 189 174
19 182 179 187 181 173 176 183 172 180 174 171 175 188 186 178 184 185 177 189
19 183 177 172 187 173 186 182 175 179 181 174 188 178 189 176 180 184 171 185
19 176 183 171 182 173 181 188 186 179 177 174 180 187 185 189 184 172 178 175
19 182 186 172 183 189 187 177 174 180 184 171 179 175 176 173 188 181 185 178
19 187 177 175 188 171 184 172 174 180 189 176 185 178 181 179 182 173 183 186
19 184 183 171 177 185 181 189 176 178 172 188 187 180 179 174 175 182 186 173
19 207 208 201 200 190 197 198 194 193 195 205 203 192 199 196 206 202 191 204
19 193 200 197 199 198 196 195 202 192 208 207 201 205 203 190 206 204 194 191
19 195 192 204 200 196 190 199 198 206 191 193 197 205 201 194 208 207 203 202
19 196 192 205 208 199 200 194 203 202 197 193 206 195 190 207 198 201 191 204
19 202 207 208 195 200 206 192 199 196 201 204 203 197 198 193 205 190 194 191
19 199 206 190 200 193 203 207 195 205 204 208 191 196 192 202 197 198 194 201
19 208 203 191 202 196 201 200 206 198 205 192 207 204 195 193 194 199 197 190
19 192 193 191 208 199 202 195 198 203 200 194 205 190 196 197 204 201 207 206
19 198 193 203 190 204 207 199 200 197 205 202 208 206 192 194 191 195 201 196
19 205 193 204 208 199 191 206 200 201 197 196 195 190 202 198 194 192 207 203
19 196 198 192 191 201 194 206 190 207 195 203 205 197 208 193 199 200 204 202
19 204 197 200 192 208 198 201 202 193 194 199 206 205 196 190 207 195 191 203
19 197 195 193 208 194 198 206 190 200 199 202 196 205 191 192 204 207 203 201
19 194 199 201 204 197 191 192 196 193 202 198 205 206 207 200 195 203 190 208
19 198 205 193 196 190 208 203 195 202 206 197 194 191 200 192 201 204 207 199
19 193 202 192 194 190 205 199 208 201 196 204 191 198 200 206 207 197 195 203
19 207 197 199 206 191 204 198 208 203 196 201 200 192 194 193 205 190 202 195
19 193 191 194 203 192 205 196 190 195 200 202 204 208 206 201 199 207 198 197
19 204 198 190 196 194 191 195 207 193 205 206 192 208 201 200 199 197 203 202
19 211 212 221 210 209 227 222 226 213 216 225 219 223 217 220 214 224 218 215
19 226 212 221 225 215 213 218 214 211 220 210 222 217 224 216 227 209 219 223
19 223 212 220 224 211 227 226 218 209 213 214 219 225 222 216 221 217 210 215
19 219 210 226 216 215 213 223 227 218 217 209 220 225 222 211 214 224 221 212
19 212 215 222 220 225 221 211 213 224 209 218 210 227 216 223 214 217 219 226
19 215 212 210 224 219 217 220 214 216 218 227 221 226 211 225 223 209 213 222
19 221 217 212 218 213 224 227 225 210 216 211 215 209 214 226 220 219 222 223
19 216 217 209 222 224 220 219 218 215 213 212 227 221 211 210 225 226 214 223
19 212 217 216 213 210 214 221 219 225 211 224 218 220 215 209 226 222 223 227
19 211 221 218 220 216 214 222 217 213 226 209 212 210 215 224 223 225 227 219
19 220 222 212 216 215 210 227 209 211 219 225 221 218 214 226 224 217 223 213
19 227 224 214 215 226 223 219 210 221 211 222 220 209 216 218 213 212 225 217
19 215 212 218 219 210 224 222 223 225 220 217 209 214 213 227 221 216 226 211
19 227 218 223 213 222 216 214 224 210 212 219 225 217 221 226 209 215 211 220
19 214 223 212 224 209 218 222 211 220 227 213 225 216 226 219 217 210 221 215
19 227 225 212 215 222 211 213 209 214 224 220 221 217 219 210 216 218 223 226
19 213 214 212 221 225 222 216 220 209 224 227 226 218 223 219 211 210 217 215
19 222 218 226 223 219 220 221 214 213 211 216 212 217 215 210 209 224 225 227
19 212 213 209 219 211 217 216 226 220 215 221 223 214 227 225 224 222 210 218
19 246 235 231 241 244 233 234 230 240 237 242 243 228 239 229 232 238 236 245
19 236 228 237 230 229 231 232 242 234 240 235 238 245 244 246 241 233 239 243
19 230 234 246 228 243 244 229 235 240 232 236 231 241 238 233 237 239 245 242
19 242 239 234 236 230 241 237 231 228 232 246 245 235 238 243 233 244 240 229
19 244 229 243 230 238 232 234 228 233 231 246 242 235 237 240 245 239 241 236
19 245 238 231 237 232 233 229 246 241 235 240 239 234 244 236 242 228 230 243
19 242 228 241 239 246 245 232 229 236 235 237 238 231 243 240 230 234 244 233
19 246 238 230 242 234 229 228 244 235 237 232 239 241 240 236 231 243 245 233
19 228 234 245 229 231 232 230 235 237 238 241 236 244 243 240 239 246 242 233
19 233 232 246 236 234 242 229 231 228 241 245 235 238 230 237 243 240 239 244
19 234 229 228 241 242 232 245 246 236 238 243 233 231 230 235 240 237 239 244
19 240 239 244 233 235 229 238 232 234 241 246 243 237 228 231 230 245 236 242
19 243 238 237 240 234 228 231 244 229 230 233 232 245 242 239 241 236 246 235
19 235 237 232 244 238 245 229 240 242 246 236 241 230 228 243 233 234 239 231
19 246 244 238 243 245 233 231 237 239 228 241 230 232 234 242 236 229 240 235
19 239 234 237 244 230 233 243 235 240 229 228 231 246 236 238 241 242 245 232
19 242 243 230 240 233 229 245 235 228 246 234 236 237 231 244 239 241 238 232
19 228 245 241 246 235 242 243 232 239 244 233 231 236 230 240 237 229 238 234
19 235 243 239 237 245 233 228 242 231 241 236 244 240 232 246 234 229 230 238
19 249 254 253 255 257 265 260 262 250 256 248 251 247 261 264 258 263 252 259
19 252 258 250 260 256 251 259 253 249 264 265 248 262 254 257 247 261 255 263
19 247 248 249 251 253 257 261 260 254 265 250 264 255 252 263 256 262 259 258
19 265 249 258 253 259 255 264 254 252 263 248 256 257 250 251 261 247 260 262
19 261 257 250 253 249 264 265 251 258 247 255 262 248 252 260 256 263 254 259
19 255 260 251 265 261 264 258 252 250 248 247 259 249 254 262 257 263 253 256
19 254 261 249 264 258 255 247 253 259 263 257 262 260 265 256 248 251 250 252
19 261 248 256 250 262 265 258 251 252 247 263 260 253 249 259 264 257 255 254
19 248 254 251 261 249 263 253 264 250 258 252 255 247 265 257 256 259 262 260
19 249 263 247 264 259 258 260 257 255 251 250 248 262 265 256 261 252 254 253
19 260 249 248 256 264 254 250 263 258 253 257 259 255 251 262 247 261 252 265
19 260 259 250 254 247 262 257 261 264 252 253 263 256 251 258 265 249 248 255
19 248 262 251 259 250 256 260 265 253 255 257 263 261 247 252 264 258 249 254
19 248 252 257 259 249 254 256 261 247 255 250 264 251 258 262 263 253 265 260
19 262 252 256 265 251 247 248 263 249 261 258 254 260 259 264 257 253 255 250
19 258 250 265 252 260 263 253 264 248 259 249 255 247 257 262 251 261 256 254
19 255 249 259 257 252 253 256 261 264 262 254 260 263 251 247 250 265 258 248
19 263 257 253 260 261 247 259 251 249 262 265 254 250 252 248 258 255 264 256
19 247 257 260 259 252 250 256 258 261 248 254 263 265 262 264 255 249 253 251
