50000 100 29110 12887
40078 33359
5542 32442
20719 23888
39723 4658
25313 35504
8033 15417
33646 45325
7099 2866
32267 41239
12760 41219
5991 1131
2987 15415
8371 7178
49692 33972
21749 36372
35251 877
5386 24110
4302 22925
5195 7524
11947 5507
22363 18764
16429 36712
33902 39781
36929 34892
13579 16812
7422 32623
45422 35041
2811 46180
26251 18451
21503 44443
45359 40288
23196 33525
24110 31333
21665 39801
25293 44214
8680 34723
4611 45932
21137 3736
10738 29396
43277 13470
15101 33825
16865 33104
33868 10628
34642 441
27647 16090
36774 14542
41201 44364
18917 25441
8370 18187
36582 14434
12887 5386
25152 14245
31713 38612
25551 29302
15513 13344
17647 23242
6794 47295
5374 8837
39866 30933
3762 34196
19557 36737
33711 26842
36308 6728
37504 27278
17220 4267
11236 40446
2942 24739
42306 48317
31321 49356
36679 14274
29268 48953
41413 48689
16341 15589
7573 14359
16681 23902
12753 13502
8346 11082
45762 17381
33135 18604
26872 31928
4177 42013
31280 48769
5506 36543
47732 18866
38532 10023
23871 31333
34820 901
36347 7507
49543 39014
34692 5892
17341 15839
6851 22115
16054 19208
4179 36888
29110 23871
34290 27843
6038 26071
24847 10865
36777 26898
11264 21529
