4841
7
16
26
50
53
61
73
80
92
108
115
121
137
154
162
171
187
191
197
220
234
240
247
253
259
266
273
286
288
331
332
333
334
341
344
350
363
369
373
384
405
416
440
442
492
493
497
517
521
533
558
567
572
588
591
602
603
604
622
630
663
674
677
699
711
719
727
731
743
746
747
758
764
772
774
787
793
830
841
866
896
897
906
907
912
933
938
945
951
952
977
981
986
1001
1005
1006
1010
1020
1036
1039
1043
1066
1075
1101
1105
1110
1119
1141
1154
1163
1171
1182
1197
1206
1212
1221
1227
1232
1239
1241
1243
1245
1255
1267
1304
1316
1324
1345
1363
1364
1366
1371
1372
1373
1381
1415
1420
1423
1443
1444
1459
1461
1466
1473
1478
1485
1500
1507
1513
1522
1532
1558
1569
1577
1598
1600
1601
1613
1616
1617
1632
1634
1654
1668
1675
1688
1695
1702
1715
1726
1730
1757
1759
1782
1784
1788
1800
1801
1805
1809
1864
1865
1867
1871
1873
1889
1897
1903
1909
1914
1927
1935
1946
1953
1957
1962
1972
2003
2009
2012
2016
2020
2045
2049
2066
2080
2083
2084
2093
2097
2098
2104
2109
2118
2126
2185
2193
2194
2196
2200
2224
2228
2237
2250
2253
2254
2267
2286
2295
2310
2313
2314
2318
2321
2333
2356
2362
2374
2380
2400
2406
2450
2451
2452
2489
2494
2496
2497
2500
2528
2539
2560
2581
2587
2589
2594
2595
2598
2608
2619
2631
2632
2639
2655
2663
2672
2681
2712
2733
2734
2735
2745
2752
2776
2790
2812
2813
2819
2836
2843
2846
2853
2855
2872
2877
2882
2911
2919
2924
2930
2932
2944
2960
2963
2965
2979
2980
2987
2989
2998
3000
3012
3028
3031
3033
3041
3044
3045
3078
3083
3098
3103
3105
3125
3130
3135
3154
3162
3182
3189
3200
3222
3228
3233
3262
3266
3274
3279
3292
3303
3307
3315
3323
3337
3342
3348
3353
3372
3377
3379
3385
3402
3406
3413
3431
3452
3454
3470
3474
3493
3507
3510
3515
3521
3524
3576
3599
3606
3609
3637
3670
3674
3682
3694
3696
3714
3726
3762
3767
3780
3797
3799
3803
3809
3815
3828
3830
3845
3847
3873
3877
3895
3901
3924
3937
3942
3965
3968
3988
4014
4022
4026
4060
4066
4082
4096
4146
4152
4155
4172
4176
4179
4223
4259
4260
4269
4282
4283
4299
4300
4325
4326
4335
4339
4402
4404
4414
4418
4436
4437
4457
4460
4465
4471
4479
4487
4495
4498
4524
4542
4546
4549
4560
4576
4581
4623
4628
4633
4639
4647
4655
4664
4675
4680
4692
4696
4712
4716
4717
4747
4778
4781
4782
4795
4818
4831
4861
4871
4877
4897
4909
4910
4913
4930
4937
4938
4939
4944
4952
4960
4966
4979
4994
5000
5003
5040
5049
5053
5060
5061
5078
5086
5087
5100
5127
5146
5171
5179
5180
5182
5183
5188
5191
5193
5196
5222
5224
5228
5240
5243
5247
5258
5276
5279
5281
5282
5299
5365
5382
5391
5397
5405
5406
5407
5414
5438
5439
5444
5449
5464
5467
5470
5506
5523
5525
5542
5543
5553
5559
5560
5567
5569
5602
5606
5619
5635
5658
5659
5674
5677
5684
5685
5700
5719
5722
5732
5736
5737
5739
5743
5755
5760
5808
5831
5836
5843
5844
5852
5862
5869
5873
5875
5880
5888
5903
5926
5927
5943
5944
5945
5947
5960
5963
5971
5988
6009
6019
6052
6069
6086
6087
6091
6094
6112
6130
6142
6149
6155
6166
6176
6221
6225
6238
6241
6263
6275
6287
6294
6301
6307
6312
6324
6329
6340
6346
6348
6365
6371
6378
6380
6396
6432
6435
6438
6448
6457
6460
6475
6496
6500
6503
6505
6511
6529
6539
6547
6554
6561
6571
6585
6601
6630
6631
6642
6644
6646
6661
6669
6675
6679
6692
6698
6710
6716
6722
6733
6766
6781
6795
6817
6832
6834
6855
6858
6860
6863
6879
6880
6884
6889
6894
6898
6908
6922
6927
6931
6936
6938
6945
6946
6950
6960
6965
6967
6972
6974
6982
6986
6994
7003
7006
7025
7047
7052
7083
7085
7093
7117
7127
7128
7163
7168
7173
7180
7183
7240
7244
7251
7252
7255
7262
7265
7269
7316
7317
7324
7337
7339
7353
7356
7379
7390
7396
7416
7424
7435
7442
7456
7473
7474
7477
7486
7489
7491
7506
7507
7515
7517
7520
7536
7542
7546
7553
7557
7558
7561
7568
7601
7606
7638
7648
7660
7673
7689
7690
7719
7722
7725
7742
7750
7761
7785
7794
7798
7827
7833
7843
7851
7869
7879
7883
7884
7895
7896
7908
7919
7931
7984
7995
7996
8006
8012
8015
8031
8055
8087
8100
8101
8102
8103
8111
8133
8140
8142
8147
8155
8160
8177
8190
8191
8198
8206
8218
8231
8233
8239
8250
8272
8274
8280
8317
8320
8323
8349
8365
8366
8368
8371
8383
8387
8397
8402
8421
8438
8444
8445
8449
8451
8461
8466
8473
8476
8478
8483
8489
8493
8499
8500
8502
8505
8509
8515
8519
8530
8540
8547
8555
8558
8563
8568
8573
8585
8587
8591
8602
8622
8634
8636
8638
8642
8657
8665
8669
8671
8691
8711
8725
8730
8735
8741
8755
8758
8773
8779
8790
8797
8820
8842
8847
8853
8854
8890
8904
8912
8920
8938
8946
8949
8958
8959
8966
8969
9002
9024
9040
9042
9043
9079
9098
9109
9117
9118
9122
9133
9135
9143
9144
9161
9171
9178
9189
9196
9203
9215
9233
9241
9244
9263
9264
9266
9271
9275
9287
9303
9334
9352
9353
9357
9381
9382
9385
9403
9406
9408
9412
9414
9439
9475
9509
9518
9527
9529
9558
9582
9588
9606
9616
9617
9620
9624
9632
9639
9646
9661
9677
9683
9689
9707
9713
9738
9764
9776
9784
9791
9840
9852
9854
9865
9868
9899
9907
9913
9944
9951
9967
9975
9978
9988
10028
10036
10046
10050
10051
10054
10057
10083
10103
10118
10124
10138
10150
10166
10174
10182
10183
10198
10214
10217
10245
10247
10254
10256
10261
10286
10293
10304
10308
10312
10313
10315
10321
10322
10323
10327
10331
10340
10348
10389
10393
10417
10426
10427
10439
10446
10447
10448
10458
10460
10478
10487
10501
10517
10530
10536
10538
10542
10595
10611
10617
10618
10627
10632
10642
10643
10656
10675
10680
10683
10697
10705
10713
10721
10724
10725
10732
10740
10749
10777
10785
10799
10810
10812
10815
10817
10818
10825
10827
10830
10844
10850
10863
10868
10872
10891
10896
10897
10914
10925
10928
10951
10973
10986
10993
11022
11023
11030
11037
11040
11066
11070
11071
11079
11099
11111
11119
11124
11125
11142
11163
11169
11173
11174
11187
11198
11212
11233
11248
11252
11282
11286
11289
11291
11302
11314
11321
11328
11335
11337
11346
11361
11376
11384
11397
11404
11406
11412
11439
11444
11463
11481
11482
11488
11491
11498
11505
11506
11522
11534
11547
11556
11557
11569
11573
11581
11590
11600
11603
11608
11609
11620
11621
11631
11637
11645
11651
11685
11708
11719
11722
11734
11742
11751
11764
11777
11784
11794
11804
11817
11832
11841
11845
11850
11870
11875
11877
11900
11907
11928
11937
11948
11981
11985
11991
11992
11997
12002
12034
12044
12052
12053
12058
12073
12080
12084
12091
12092
12093
12104
12120
12131
12133
12134
12150
12157
12163
12165
12168
12181
12195
12208
12211
12213
12253
12256
12263
12264
12285
12288
12291
12314
12320
12327
12332
12335
12339
12351
12353
12358
12363
12368
12387
12391
12432
12440
12444
12449
12452
12455
12464
12502
12518
12523
12533
12548
12562
12566
12574
12577
12590
12610
12618
12622
12625
12630
12634
12642
12645
12649
12654
12669
12671
12689
12690
12693
12695
12710
12717
12726
12730
12734
12739
12745
12748
12764
12768
12782
12785
12787
12790
12794
12798
12823
12830
12834
12836
12855
12856
12857
12910
12914
12932
12934
12952
12957
12960
12963
12970
12990
12995
12999
13007
13019
13032
13037
13048
13069
13073
13090
13107
13119
13130
13150
13152
13173
13174
13177
13178
13190
13213
13217
13229
13234
13254
13255
13264
13286
13294
13296
13305
13307
13322
13331
13334
13346
13353
13371
13373
13375
13392
13395
13403
13433
13440
13441
13442
13450
13461
13464
13472
13502
13512
13531
13561
13565
13574
13577
13578
13580
13585
13589
13592
13609
13622
13633
13654
13674
13679
13683
13689
13695
13703
13710
13714
13731
13753
13761
13767
13805
13810
13822
13826
13830
13837
13845
13848
13857
13868
13869
13873
13894
13895
13903
13904
13910
13917
13925
13931
13936
13940
13944
13950
13965
13973
13994
14004
14023
14040
14060
14070
14071
14086
14087
14088
14093
14095
14103
14143
14150
14163
14168
14174
14185
14195
14199
14294
14315
14322
14331
14340
14345
14349
14368
14386
14392
14409
14412
14428
14456
14458
14460
14476
14520
14523
14529
14532
14535
14537
14539
14541
14557
14584
14586
14592
14616
14629
14655
14671
14672
14673
14679
14684
14691
14700
14706
14725
14735
14739
14754
14769
14775
14779
14795
14801
14804
14825
14830
14831
14857
14865
14883
14891
14912
14915
14920
14924
14940
14954
14985
15005
15015
15030
15032
15048
15050
15051
15057
15067
15070
15089
15145
15148
15149
15186
15194
15200
15203
15210
15216
15238
15244
15263
15276
15288
15291
15308
15319
15330
15345
15360
15366
15369
15370
15394
15395
15400
15421
15464
15470
15512
15529
15530
15538
15559
15566
15574
15579
15586
15591
15600
15628
15638
15668
15679
15705
15707
15712
15724
15738
15759
15771
15780
15782
15783
15792
15799
15815
15823
15830
15849
15883
15887
15901
15905
15910
15918
15921
15924
15935
15946
15947
15961
15966
15967
15969
15974
15975
15982
15983
15985
15990
16015
16036
16072
16073
16108
16121
16125
16148
16149
16150
16159
16161
16165
16189
16192
16193
16197
16203
16225
16248
16255
16258
16262
16266
16270
16319
16321
16322
16327
16328
16332
16348
16360
16362
16370
16372
16376
16377
16379
16394
16402
16404
16455
16460
16462
16484
16494
16513
16521
16522
16535
16537
16539
16542
16544
16545
16571
16574
16581
16591
16609
16623
16626
16631
16638
16643
16657
16696
16718
16740
16749
16757
16759
16762
16776
16779
16787
16793
16795
16799
16807
16813
16822
16838
16844
16850
16858
16871
16891
16897
16906
16913
16921
16936
16946
16963
16972
16979
16990
16992
16995
17008
17014
17026
17064
17074
17080
17104
17113
17116
17128
17144
17145
17187
17206
17229
17258
17260
17288
17297
17300
17303
17309
17328
17329
17331
17337
17345
17352
17354
17367
17372
17374
17386
17394
17401
17413
17421
17427
17429
17436
17440
17462
17470
17489
17502
17522
17532
17535
17555
17573
17599
17616
17619
17651
17654
17656
17661
17665
17666
17667
17668
17670
17681
17687
17690
17692
17694
17703
17710
17713
17717
17721
17754
17760
17762
17771
17782
17797
17799
17810
17824
17825
17837
17845
17847
17866
17874
17891
17905
17911
17926
17927
17936
17941
17947
17951
17957
17969
17982
17984
17985
17993
17994
17998
18039
18060
18092
18123
18127
18131
18138
18144
18147
18162
18163
18166
18179
18185
18194
18197
18218
18231
18239
18248
18256
18257
18288
18295
18300
18301
18303
18308
18316
18353
18362
18363
18376
18384
18388
18406
18477
18486
18495
18499
18502
18518
18560
18606
18617
18649
18662
18667
18668
18669
18683
18692
18699
18702
18714
18724
18740
18749
18764
18769
18773
18790
18801
18804
18805
18815
18827
18831
18833
18861
18876
18882
18900
18902
18909
18913
18919
18921
18930
18936
18940
18946
18985
19022
19058
19068
19075
19076
19096
19103
19107
19127
19141
19185
19188
19189
19211
19229
19234
19242
19248
19260
19302
19306
19308
19310
19319
19320
19329
19350
19355
19385
19387
19391
19395
19418
19427
19444
19446
19480
19483
19488
19503
19513
19517
19519
19525
19542
19547
19556
19557
19560
19565
19593
19622
19636
19655
19657
19684
19706
19707
19712
19715
19721
19723
19727
19738
19742
19760
19765
19783
19789
19808
19811
19816
19832
19833
19859
19860
19863
19865
19869
19876
19939
19963
19985
20006
20009
20026
20032
20046
20047
20055
20059
20066
20068
20073
20101
20127
20135
20138
20140
20158
20169
20175
20179
20187
20196
20206
20209
20216
20217
20247
20258
20275
20313
20339
20343
20349
20366
20383
20392
20393
20394
20401
20416
20423
20424
20437
20443
20452
20474
20488
20497
20506
20510
20527
20540
20541
20545
20551
20564
20565
20571
20574
20582
20619
20634
20635
20638
20643
20652
20656
20694
20701
20707
20729
20737
20739
20785
20788
20798
20810
20829
20840
20841
20852
20872
20895
20897
20902
20914
20926
20928
20965
20974
20987
20994
21000
21010
21016
21024
21034
21041
21052
21054
21059
21079
21082
21091
21099
21108
21125
21134
21139
21147
21180
21183
21191
21196
21198
21200
21217
21237
21248
21252
21260
21274
21275
21277
21279
21280
21281
21287
21301
21306
21311
21313
21324
21326
21329
21336
21362
21363
21376
21386
21388
21393
21423
21431
21433
21437
21439
21441
21462
21468
21490
21531
21543
21545
21558
21562
21570
21571
21575
21577
21584
21589
21599
21609
21610
21617
21623
21625
21653
21654
21660
21669
21677
21679
21741
21747
21752
21762
21772
21782
21787
21792
21807
21822
21827
21830
21839
21843
21867
21881
21887
21898
21900
21901
21978
21984
22006
22007
22020
22027
22041
22048
22061
22067
22080
22088
22099
22113
22120
22127
22128
22134
22137
22143
22169
22170
22173
22176
22189
22200
22206
22219
22224
22237
22243
22256
22257
22283
22296
22309
22311
22315
22339
22357
22364
22368
22379
22393
22394
22400
22402
22427
22433
22434
22435
22448
22452
22456
22463
22467
22471
22481
22483
22484
22505
22507
22510
22522
22544
22546
22579
22600
22614
22617
22618
22627
22631
22643
22653
22660
22663
22677
22681
22704
22725
22739
22762
22763
22765
22768
22773
22775
22786
22833
22838
22840
22881
22891
22895
22897
22917
22918
22922
22936
22939
22944
22946
22949
22964
22971
22977
22983
22996
23006
23011
23012
23023
23032
23037
23038
23041
23059
23061
23069
23080
23103
23118
23120
23127
23131
23137
23140
23160
23165
23182
23192
23203
23206
23213
23229
23236
23258
23268
23278
23279
23285
23286
23295
23320
23324
23335
23373
23395
23398
23404
23411
23422
23423
23440
23445
23464
23468
23471
23472
23484
23487
23504
23509
23534
23546
23550
23575
23586
23595
23609
23634
23637
23639
23668
23694
23708
23720
23721
23735
23741
23744
23763
23767
23810
23811
23820
23828
23837
23842
23849
23858
23859
23865
23901
23906
23916
23919
23932
23940
23942
23948
23958
23971
23972
23991
23998
24015
24018
24037
24065
24067
24073
24079
24085
24092
24099
24100
24108
24114
24116
24131
24133
24143
24147
24148
24162
24182
24188
24191
24197
24200
24205
24212
24215
24223
24225
24228
24241
24249
24254
24279
24284
24303
24305
24321
24323
24324
24343
24353
24371
24394
24424
24452
24460
24467
24485
24497
24514
24516
24517
24524
24535
24552
24554
24583
24584
24599
24621
24625
24629
24638
24656
24657
24674
24691
24723
24734
24756
24766
24769
24770
24774
24777
24800
24801
24855
24878
24890
24901
24905
24961
24966
24974
24977
25000
25018
25030
25035
25037
25039
25049
25061
25068
25089
25109
25114
25120
25142
25173
25181
25188
25203
25204
25205
25208
25216
25217
25226
25233
25236
25240
25255
25275
25297
25326
25332
25343
25347
25348
25359
25361
25378
25381
25384
25388
25401
25417
25418
25433
25438
25439
25440
25460
25462
25470
25471
25475
25493
25504
25513
25545
25549
25562
25592
25594
25656
25665
25696
25699
25704
25710
25718
25756
25777
25785
25789
25798
25799
25814
25827
25835
25839
25851
25859
25873
25884
25901
25915
25932
25944
25949
25973
25978
25980
25995
26011
26016
26037
26038
26045
26064
26067
26068
26080
26087
26088
26099
26109
26118
26124
26125
26131
26134
26135
26137
26144
26171
26176
26178
26187
26191
26193
26197
26203
26208
26230
26248
26250
26258
26277
26278
26280
26289
26293
26296
26306
26309
26321
26327
26342
26347
26359
26368
26373
26375
26388
26389
26399
26418
26435
26441
26443
26463
26466
26487
26488
26505
26514
26524
26535
26547
26574
26577
26584
26592
26606
26608
26637
26639
26644
26648
26668
26683
26685
26691
26696
26699
26706
26710
26714
26724
26726
26732
26733
26735
26745
26753
26766
26778
26783
26786
26788
26791
26805
26806
26818
26822
26834
26837
26857
26862
26868
26894
26921
26929
26941
26948
26950
26961
26963
26968
26972
26999
27004
27049
27062
27073
27085
27087
27091
27098
27105
27116
27121
27141
27145
27154
27159
27164
27173
27178
27185
27186
27191
27195
27203
27204
27227
27241
27244
27249
27255
27257
27270
27285
27286
27291
27295
27309
27317
27338
27340
27344
27358
27367
27374
27377
27378
27397
27403
27407
27435
27446
27459
27464
27476
27493
27498
27503
27505
27509
27514
27533
27537
27561
27577
27585
27587
27599
27604
27638
27643
27648
27657
27675
27692
27703
27714
27723
27726
27727
27729
27733
27735
27743
27752
27753
27763
27767
27771
27772
27822
27830
27836
27849
27851
27859
27874
27888
27893
27896
27922
27925
27936
27949
27952
27966
27970
27983
27988
27991
28021
28037
28068
28084
28096
28119
28120
28121
28137
28142
28152
28162
28166
28176
28188
28191
28223
28236
28238
28240
28242
28246
28248
28261
28271
28278
28294
28300
28311
28320
28322
28356
28371
28375
28376
28381
28397
28402
28412
28422
28424
28434
28445
28465
28479
28483
28486
28496
28498
28507
28527
28530
28539
28540
28569
28576
28582
28586
28596
28616
28636
28639
28652
28679
28687
28733
28744
28746
28748
28754
28760
28769
28777
28782
28794
28796
28800
28813
28825
28830
28832
28842
28855
28863
28865
28870
28888
28897
28914
28925
28942
28957
28976
28979
28994
29011
29013
29044
29061
29087
29107
29118
29138
29143
29154
29155
29158
29178
29179
29182
29193
29196
29201
29216
29227
29233
29248
29253
29260
29278
29291
29304
29305
29318
29323
29327
29347
29377
29380
29381
29392
29402
29404
29405
29414
29415
29418
29420
29431
29436
29444
29466
29503
29515
29544
29555
29557
29564
29566
29571
29573
29584
29587
29626
29631
29634
29648
29656
29660
29667
29700
29711
29733
29757
29805
29806
29813
29814
29815
29825
29830
29853
29854
29862
29863
29896
29909
29911
29919
29923
29938
29955
29972
30010
30013
30030
30063
30065
30069
30070
30081
30088
30099
30102
30113
30123
30132
30133
30148
30157
30192
30194
30216
30224
30233
30234
30239
30275
30294
30295
30307
30315
30316
30325
30338
30358
30383
30406
30408
30422
30429
30430
30456
30468
30472
30483
30497
30500
30518
30533
30539
30550
30570
30579
30600
30604
30624
30629
30646
30648
30653
30663
30669
30685
30693
30698
30720
30741
30758
30783
30792
30794
30795
30830
30831
30833
30846
30853
30884
30894
30900
30911
30927
30948
30958
30961
30962
30971
30972
30973
30996
30998
31000
31009
31026
31030
31042
31045
31059
31072
31077
31078
31090
31117
31120
31124
31137
31141
31164
31186
31187
31195
31197
31205
31220
31227
31234
31240
31246
31252
31268
31270
31275
31276
31278
31285
31287
31290
31311
31316
31333
31349
31354
31356
31375
31381
31385
31394
31401
31413
31438
31458
31468
31471
31472
31498
31503
31511
31518
31528
31532
31536
31553
31561
31570
31584
31586
31587
31596
31600
31620
31659
31660
31664
31672
31684
31698
31703
31705
31714
31716
31723
31726
31736
31738
31742
31746
31762
31764
31797
31798
31806
31808
31816
31836
31846
31866
31868
31870
31871
31874
31888
31893
31894
31897
31916
31917
31924
31928
31937
31939
31962
31968
31978
31980
31994
31995
31997
32009
32038
32043
32070
32071
32073
32083
32086
32087
32111
32137
32142
32151
32156
32164
32175
32177
32213
32224
32225
32226
32251
32257
32261
32306
32317
32323
32325
32327
32339
32346
32351
32360
32378
32385
32401
32403
32404
32409
32415
32430
32431
32448
32451
32453
32464
32469
32470
32477
32487
32492
32499
32509
32513
32520
32529
32534
32545
32548
32556
32580
32582
32586
32591
32592
32599
32603
32641
32643
32676
32677
32693
32705
32714
32718
32735
32737
32747
32769
32790
32804
32808
32812
32817
32837
32838
32855
32900
32906
32908
32917
32925
32928
32931
32961
32973
32979
32987
32988
32991
32998
33010
33011
33041
33049
33059
33067
33073
33092
33093
33096
33104
33123
33132
33141
33142
33159
33171
33185
33195
33206
33216
33225
33226
33228
33246
33248
33253
33273
33274
33291
33297
33318
33326
33334
33340
33363
33364
33369
33373
33401
33409
33419
33420
33433
33435
33442
33452
33457
33471
33480
33490
33496
33509
33513
33517
33529
33539
33555
33560
33576
33608
33624
33631
33645
33664
33677
33705
33706
33711
33717
33721
33726
33743
33754
33764
33783
33785
33798
33815
33833
33838
33840
33864
33875
33902
33910
33921
33929
33942
34023
34041
34054
34058
34066
34071
34075
34086
34128
34130
34132
34169
34170
34180
34181
34194
34210
34220
34222
34235
34244
34246
34247
34293
34301
34322
34335
34340
34347
34354
34363
34398
34411
34431
34432
34433
34451
34461
34464
34467
34469
34476
34501
34527
34530
34542
34546
34550
34553
34560
34563
34582
34585
34593
34596
34601
34639
34654
34691
34704
34706
34713
34732
34736
34765
34779
34786
34792
34793
34798
34803
34813
34815
34819
34820
34825
34840
34851
34864
34876
34880
34906
34911
34917
34927
34936
34937
34963
34991
34999
35024
35027
35050
35051
35057
35071
35072
35079
35085
35088
35108
35128
35148
35176
35199
35205
35214
35234
35263
35268
35278
35280
35286
35288
35300
35303
35304
35314
35315
35333
35357
35364
35379
35394
35397
35424
35440
35453
35469
35484
35486
35489
35497
35500
35501
35545
35562
35563
35569
35570
35582
35591
35612
35641
35644
35660
35668
35684
35700
35706
35719
35722
35726
35731
35734
35737
35777
35786
35802
35808
35811
35828
35864
35932
35943
35956
35975
35987
35997
36035
36039
36043
36050
36051
36059
36067
36069
36074
36080
36095
36097
36101
36109
36111
36142
36160
36167
36168
36172
36180
36196
36226
36231
36240
36244
36264
36268
36294
36301
36302
36323
36328
36329
36332
36338
36343
36379
36386
36396
36408
36414
36419
36439
36440
36445
36452
36458
36459
36467
36477
36482
36500
36510
36530
36536
36542
36552
36561
36565
36567
36573
36575
36576
36621
36640
36644
36650
36665
36684
36685
36703
36710
36734
36749
36753
36758
36768
36770
36773
36786
36787
36789
36790
36792
36811
36816
36827
36845
36848
36852
36876
36896
36915
36917
36923
36925
36932
36939
36947
36964
36966
36974
36987
36988
36993
36995
36997
37000
37014
37023
37056
37071
37077
37102
37110
37116
37120
37141
37149
37157
37187
37204
37205
37207
37214
37222
37238
37240
37247
37286
37293
37296
37304
37306
37312
37313
37325
37331
37336
37349
37375
37393
37398
37400
37420
37436
37439
37453
37454
37460
37461
37462
37465
37475
37502
37509
37514
37529
37545
37576
37582
37585
37600
37608
37619
37625
37646
37654
37657
37664
37685
37688
37691
37712
37718
37740
37761
37767
37781
37783
37809
37812
37825
37828
37831
37834
37848
37851
37853
37860
37863
37879
37887
37890
37892
37896
37898
37903
37908
37916
37918
37919
37925
37939
37942
37945
37956
38004
38008
38028
38054
38079
38102
38105
38109
38129
38131
38141
38160
38163
38180
38181
38186
38189
38203
38217
38218
38243
38245
38259
38263
38273
38283
38289
38290
38294
38314
38342
38347
38350
38352
38363
38391
38411
38423
38433
38439
38449
38451
38456
38460
38462
38466
38467
38474
38495
38497
38500
38513
38516
38517
38526
38532
38548
38587
38614
38618
38653
38664
38693
38724
38739
38748
38755
38787
38796
38801
38810
38812
38817
38820
38823
38849
38867
38871
38889
38892
38924
38930
38939
38953
38978
38979
38980
38983
38994
39001
39007
39008
39016
39018
39020
39024
39027
39036
39049
39053
39057
39058
39068
39074
39081
39090
39105
39112
39118
39120
39124
39125
39138
39139
39144
39146
39149
39151
39163
39186
39207
39212
39223
39249
39251
39256
39260
39266
39274
39275
39287
39297
39303
39304
39310
39314
39331
39345
39373
39381
39387
39401
39405
39413
39427
39446
39447
39451
39453
39455
39456
39460
39481
39498
39500
39509
39511
39517
39526
39548
39552
39559
39566
39579
39591
39595
39604
39614
39616
39623
39634
39642
39647
39649
39659
39682
39701
39705
39714
39722
39739
39743
39750
39755
39758
39781
39795
39800
39807
39811
39812
39818
39836
39852
39853
39865
39868
39872
39881
39893
39896
39910
39913
39914
39931
39935
39969
39983
39991
39995
40022
40030
40055
40056
40062
40070
40076
40078
40084
40095
40097
40130
40132
40133
40137
40139
40147
40149
40156
40188
40193
40194
40206
40233
40287
40291
40317
40318
40324
40336
40341
40343
40364
40391
40397
40415
40439
40451
40460
40472
40474
40476
40494
40495
40525
40548
40569
40585
40594
40603
40622
40633
40640
40663
40713
40735
40738
40754
40776
40778
40804
40813
40814
40815
40816
40821
40845
40855
40858
40859
40863
40868
40885
40914
40925
40930
40939
40948
40949
40957
40962
40980
40983
40989
41009
41010
41012
41017
41033
41035
41044
41045
41047
41048
41069
41080
41089
41101
41107
41111
41120
41134
41140
41146
41148
41150
41156
41157
41158
41159
41174
41194
41196
41228
41251
41260
41273
41274
41278
41279
41284
41295
41308
41390
41395
41397
41417
41420
41485
41487
41488
41493
41499
41508
41532
41537
41561
41608
41621
41665
41695
41697
41698
41705
41718
41728
41732
41734
41751
41762
41763
41770
41773
41783
41787
41789
41804
41825
41893
41943
41954
41964
41975
41976
41986
41989
41991
41992
42012
42020
42023
42025
42038
42054
42065
42080
42083
42133
42139
42142
42146
42160
42163
42171
42180
42188
42191
42199
42203
42205
42225
42231
42241
42263
42265
42280
42282
42293
42301
42312
42344
42350
42352
42353
42377
42378
42379
42391
42397
42400
42419
42426
42428
42438
42439
42455
42470
42478
42480
42492
42503
42509
42524
42553
42556
42559
42567
42571
42580
42583
42585
42594
42596
42604
42628
42637
42652
42656
42673
42678
42693
42697
42701
42715
42728
42760
42767
42774
42777
42801
42805
42816
42817
42825
42838
42839
42860
42865
42892
42910
42915
42917
42918
42923
42925
42938
42942
42959
42971
42979
42981
43004
43011
43033
43040
43048
43058
43063
43070
43074
43096
43103
43105
43110
43133
43141
43145
43178
43210
43215
43217
43223
43241
43248
43250
43269
43274
43280
43282
43284
43290
43291
43299
43316
43317
43335
43352
43364
43368
43373
43375
43382
43388
43389
43394
43396
43405
43416
43422
43433
43482
43484
43485
43488
43509
43511
43531
43539
43548
43549
43589
43631
43635
43644
43653
43656
43673
43686
43714
43716
43734
43735
43742
43752
43754
43772
43789
43801
43806
43819
43823
43824
43849
43857
43867
43871
43872
43890
43893
43896
43917
43946
43950
43982
43985
43991
43994
44051
44053
44054
44064
44067
44070
44074
44121
44130
44133
44135
44141
44168
44193
44202
44203
44204
44205
44208
44218
44232
44233
44238
44242
44263
44275
44276
44280
44288
44307
44314
44315
44319
44325
44329
44341
44345
44386
44405
44458
44462
44477
44480
44487
44489
44490
44523
44526
44530
44535
44542
44547
44551
44572
44585
44605
44618
44620
44624
44663
44665
44694
44695
44710
44718
44739
44796
44817
44824
44837
44840
44852
44857
44862
44879
44888
44895
44900
44910
44912
44915
44963
44972
44982
44984
44990
44997
45000
45004
45037
45049
45063
45067
45077
45079
45090
45102
45107
45124
45128
45132
45133
45155
45181
45204
45219
45252
45253
45257
45269
45270
45271
45292
45312
45315
45332
45366
45372
45386
45390
45395
45398
45400
45404
45407
45414
45428
45430
45450
45477
45480
45481
45511
45512
45522
45525
45532
45538
45542
45543
45550
45551
45555
45558
45575
45594
45612
45613
45619
45620
45627
45649
45650
45653
45666
45670
45674
45676
45677
45679
45695
45705
45735
45738
45741
45752
45754
45786
45789
45813
45819
45826
45838
45893
45894
45901
45918
45950
45959
45996
46015
46018
46031
46044
46055
46060
46066
46067
46085
46089
46092
46124
46138
46144
46162
46164
46175
46186
46213
46216
46217
46229
46238
46242
46247
46252
46258
46265
46271
46274
46276
46291
46299
46314
46329
46356
46406
46413
46422
46423
46438
46446
46447
46467
46486
46488
46509
46537
46540
46544
46553
46585
46596
46597
46606
46637
46722
46752
46756
46763
46764
46767
46777
46787
46795
46802
46818
46888
46889
46899
46901
46905
46908
46912
46915
46921
46940
46959
46961
46969
46974
46976
46999
47001
47011
47056
47062
47075
47077
47094
47102
47125
47131
47132
47142
47147
47152
47161
47167
47171
47188
47191
47208
47209
47218
47223
47246
47247
47253
47256
47272
47286
47293
47326
47334
47335
47340
47342
47344
47354
47383
47391
47400
47421
47439
47442
47443
47448
47466
47473
47477
47481
47488
47490
47508
47516
47522
47542
47547
47558
47560
47565
47569
47580
47592
47604
47605
47620
47651
47652
47655
47666
47667
47668
47669
47680
47690
47718
47731
47738
47744
47746
47753
47757
47762
47763
47765
47766
47781
47808
47826
47828
47838
47840
47842
47848
47850
47851
47853
47886
47891
47904
47934
47942
47954
47956
47959
47972
47973
47978
47985
47986
47987
47992
48016
48022
48029
48031
48042
48044
48053
48059
48077
48078
48085
48086
48110
48117
48124
48127
48129
48135
48136
48139
48144
48146
48162
48210
48226
48230
48237
48263
48270
48272
48284
48290
48316
48324
48325
48326
48331
48363
48371
48380
48395
48400
48406
48410
48414
48424
48427
48441
48452
48453
48466
48467
48493
48513
48517
48522
48535
48539
48563
48573
48589
48595
48613
48618
48624
48626
48629
48646
48650
48652
48661
48673
48676
48692
48695
48700
48704
48714
48727
48731
48733
48737
48756
48767
48781
48799
48804
48812
48813
48821
48842
48845
48851
48855
48856
48886
48891
48893
48898
48907
48924
48935
48959
48960
48970
48975
48980
48983
49020
49029
49030
49063
49104
49109
49112
49119
49134
49136
49142
49143
49156
49157
49158
49163
49170
49179
49180
49207
49209
49225
49231
49232
49253
49265
49269
49275
49311
49342
49359
49383
49387
49399
49405
49412
49472
49479
49482
49491
49514
49526
49546
49570
49578
49584
49607
49629
49642
49670
49677
49695
49697
49698
49703
49718
49722
49743
49771
49807
49818
49824
49829
49832
49833
49836
49839
49840
49841
49859
49883
49897
49899
49900
49903
49918
49920
49955
49968
49991
