5256
14
17
18
21
29
42
53
72
87
92
93
100
115
139
146
152
159
162
189
195
202
209
212
216
236
262
270
281
285
292
293
301
309
311
321
323
335
356
371
380
390
391
393
402
406
408
420
430
431
433
437
447
473
489
499
506
528
552
560
561
579
611
615
618
619
634
647
658
686
713
751
752
766
781
788
789
793
810
843
850
868
883
885
902
903
904
908
910
942
955
963
967
973
974
976
980
981
986
997
999
1014
1044
1045
1051
1053
1054
1057
1059
1069
1072
1073
1094
1102
1115
1121
1126
1131
1143
1149
1161
1163
1164
1178
1180
1202
1204
1206
1207
1210
1229
1239
1251
1288
1290
1292
1295
1302
1334
1338
1339
1340
1351
1359
1386
1402
1413
1415
1451
1452
1453
1455
1459
1466
1467
1499
1507
1521
1522
1526
1543
1562
1569
1576
1582
1583
1586
1587
1591
1592
1598
1602
1615
1624
1628
1636
1641
1649
1652
1676
1680
1692
1695
1718
1719
1723
1729
1730
1732
1745
1752
1759
1766
1779
1788
1797
1802
1827
1852
1867
1878
1882
1897
1915
1925
1949
1963
1968
1982
2001
2002
2005
2007
2027
2038
2053
2075
2081
2082
2087
2098
2104
2136
2141
2144
2147
2159
2189
2197
2205
2220
2225
2229
2232
2233
2236
2251
2258
2271
2277
2283
2288
2297
2301
2309
2324
2327
2330
2331
2333
2336
2385
2388
2405
2408
2431
2450
2477
2480
2488
2505
2506
2515
2532
2539
2540
2547
2555
2556
2572
2578
2591
2602
2609
2628
2637
2653
2661
2676
2684
2722
2728
2730
2777
2789
2791
2794
2830
2842
2844
2846
2848
2866
2873
2876
2878
2885
2892
2893
2894
2912
2917
2925
2937
2940
2952
2959
2965
2967
2988
2991
2995
3000
3004
3009
3010
3019
3037
3038
3054
3056
3062
3067
3075
3082
3088
3095
3097
3103
3152
3168
3186
3217
3242
3246
3247
3314
3316
3327
3350
3356
3359
3380
3392
3411
3431
3449
3453
3469
3489
3498
3504
3509
3522
3524
3538
3542
3554
3558
3574
3576
3584
3591
3600
3613
3620
3624
3625
3626
3628
3630
3632
3643
3645
3651
3654
3672
3679
3687
3690
3692
3701
3703
3728
3731
3742
3753
3758
3769
3777
3797
3810
3826
3837
3845
3847
3850
3854
3855
3867
3876
3885
3887
3902
3903
3919
3926
3928
3957
3967
3987
3999
4012
4020
4032
4040
4044
4045
4062
4070
4074
4077
4079
4089
4093
4097
4098
4111
4119
4123
4127
4135
4144
4147
4162
4165
4188
4189
4192
4205
4214
4219
4222
4228
4234
4268
4279
4284
4292
4293
4309
4312
4335
4344
4349
4367
4375
4379
4384
4392
4403
4418
4419
4424
4456
4465
4488
4493
4508
4521
4527
4542
4552
4562
4589
4599
4606
4614
4622
4629
4634
4640
4646
4648
4656
4659
4668
4678
4699
4702
4725
4739
4748
4755
4756
4765
4784
4787
4803
4821
4832
4846
4865
4869
4873
4874
4881
4899
4908
4924
4934
4947
4959
4971
4991
4997
5004
5018
5020
5032
5039
5051
5059
5065
5066
5073
5080
5085
5087
5105
5112
5115
5125
5146
5149
5150
5152
5153
5164
5218
5226
5240
5244
5259
5270
5290
5292
5297
5306
5310
5316
5325
5331
5358
5359
5361
5405
5410
5444
5446
5479
5494
5507
5512
5527
5536
5548
5573
5579
5585
5611
5635
5642
5644
5658
5673
5677
5700
5717
5721
5728
5739
5740
5743
5747
5751
5760
5761
5783
5790
5794
5820
5849
5866
5871
5877
5879
5883
5914
5928
5932
5949
5956
5971
5976
5986
5989
5992
5997
6005
6007
6041
6049
6057
6059
6062
6076
6110
6112
6128
6133
6137
6138
6164
6172
6180
6183
6191
6199
6200
6226
6227
6229
6243
6255
6262
6270
6277
6278
6280
6297
6320
6321
6325
6330
6336
6346
6356
6360
6368
6369
6392
6396
6401
6413
6432
6443
6463
6466
6467
6479
6483
6500
6503
6505
6507
6520
6522
6532
6534
6536
6558
6561
6568
6591
6593
6606
6610
6618
6635
6650
6661
6675
6680
6685
6688
6690
6693
6704
6705
6723
6730
6732
6744
6765
6822
6826
6829
6844
6846
6849
6858
6877
6892
6899
6901
6911
6913
6919
6922
6928
6929
6940
6968
6975
6979
6985
6992
6993
6994
6995
6998
7000
7006
7018
7023
7033
7058
7060
7063
7077
7102
7109
7113
7114
7130
7165
7170
7172
7178
7181
7183
7191
7201
7205
7211
7222
7230
7238
7250
7280
7287
7299
7308
7316
7325
7358
7360
7400
7433
7438
7440
7442
7455
7457
7462
7464
7472
7488
7494
7496
7503
7506
7510
7513
7525
7528
7541
7552
7563
7578
7580
7583
7594
7596
7605
7610
7613
7653
7673
7674
7677
7681
7688
7708
7726
7727
7736
7746
7750
7753
7758
7764
7767
7778
7782
7800
7812
7833
7839
7867
7877
7878
7882
7892
7910
7914
7920
7922
7929
7930
7931
7932
7933
7935
7944
7960
7965
7967
7980
7994
8015
8021
8073
8079
8084
8095
8097
8100
8105
8110
8118
8166
8184
8191
8195
8201
8202
8209
8213
8226
8239
8247
8254
8256
8263
8267
8276
8278
8288
8292
8293
8305
8307
8315
8317
8318
8328
8332
8334
8353
8358
8389
8396
8397
8404
8414
8416
8435
8440
8443
8454
8457
8469
8474
8491
8493
8496
8507
8548
8564
8576
8594
8603
8606
8633
8661
8684
8695
8702
8710
8722
8750
8770
8771
8779
8785
8786
8794
8800
8808
8814
8838
8843
8875
8878
8889
8894
8912
8913
8923
8937
8938
8954
8960
8965
8969
8979
9004
9006
9007
9014
9018
9044
9046
9054
9055
9069
9076
9079
9083
9090
9105
9111
9114
9124
9131
9133
9144
9157
9160
9164
9166
9170
9179
9180
9199
9204
9220
9259
9272
9284
9294
9297
9305
9315
9316
9335
9364
9378
9405
9415
9420
9426
9448
9452
9456
9462
9472
9481
9525
9526
9534
9537
9538
9551
9554
9555
9576
9581
9583
9585
9596
9600
9611
9645
9658
9676
9688
9698
9705
9720
9725
9727
9732
9755
9763
9764
9772
9782
9785
9789
9791
9797
9801
9807
9812
9818
9822
9831
9853
9884
9890
9893
9894
9905
9909
9964
9967
9974
9992
9994
9998
9999
10010
10023
10040
10049
10050
10055
10085
10087
10091
10092
10095
10107
10128
10140
10141
10160
10163
10178
10185
10186
10187
10189
10195
10212
10224
10233
10236
10242
10265
10269
10277
10278
10280
10294
10312
10332
10344
10347
10355
10364
10385
10391
10400
10422
10424
10428
10437
10438
10442
10450
10468
10504
10511
10526
10540
10546
10547
10557
10560
10562
10566
10567
10574
10576
10578
10587
10588
10598
10599
10611
10617
10629
10654
10660
10667
10686
10701
10710
10712
10720
10744
10746
10758
10780
10781
10820
10829
10833
10834
10847
10848
10849
10855
10864
10870
10873
10875
10885
10895
10896
10899
10925
10935
10949
10952
10961
10970
10984
10989
11000
11005
11034
11035
11036
11051
11066
11072
11077
11109
11110
11119
11127
11131
11134
11135
11145
11147
11148
11171
11174
11176
11178
11192
11195
11197
11215
11218
11231
11239
11240
11243
11257
11258
11271
11276
11277
11282
11326
11336
11350
11356
11365
11367
11369
11389
11402
11439
11440
11442
11446
11473
11483
11488
11510
11517
11518
11520
11534
11555
11557
11571
11595
11611
11615
11624
11625
11631
11632
11633
11636
11642
11651
11653
11658
11672
11682
11708
11709
11712
11720
11725
11747
11752
11760
11761
11806
11807
11812
11824
11837
11867
11868
11874
11880
11889
11911
11934
11940
11946
11950
11961
11975
11992
12019
12032
12047
12057
12078
12091
12122
12136
12138
12146
12152
12155
12163
12164
12169
12173
12184
12195
12205
12218
12227
12231
12241
12243
12253
12255
12260
12261
12269
12272
12301
12303
12310
12323
12325
12336
12342
12354
12355
12359
12364
12379
12385
12387
12390
12394
12402
12411
12413
12428
12429
12437
12464
12471
12479
12493
12502
12512
12529
12543
12547
12550
12554
12556
12565
12577
12580
12604
12617
12620
12622
12624
12631
12632
12636
12639
12641
12648
12665
12686
12691
12695
12703
12719
12751
12754
12762
12765
12782
12787
12810
12844
12845
12851
12856
12859
12872
12876
12881
12892
12896
12898
12902
12917
12918
12945
12948
12967
12988
13003
13005
13065
13073
13075
13084
13100
13117
13120
13124
13149
13154
13164
13165
13169
13183
13188
13191
13209
13222
13224
13227
13247
13249
13250
13252
13279
13284
13304
13349
13358
13363
13379
13385
13388
13392
13401
13406
13416
13419
13439
13452
13468
13471
13498
13500
13525
13530
13546
13556
13561
13580
13590
13601
13629
13671
13685
13692
13706
13708
13735
13751
13754
13772
13777
13792
13805
13824
13833
13844
13853
13855
13886
13891
13897
13899
13905
13909
13911
13913
13914
13939
13975
13977
14004
14016
14019
14030
14046
14052
14055
14086
14094
14103
14113
14126
14144
14149
14168
14202
14211
14224
14242
14249
14257
14258
14282
14300
14302
14304
14320
14323
14330
14341
14342
14346
14348
14350
14357
14366
14368
14369
14374
14383
14384
14395
14396
14399
14403
14409
14417
14419
14428
14450
14460
14467
14469
14470
14471
14472
14475
14482
14491
14501
14510
14511
14515
14540
14545
14563
14572
14579
14581
14587
14617
14619
14624
14662
14665
14679
14681
14698
14707
14710
14731
14740
14752
14753
14758
14759
14763
14788
14800
14803
14826
14869
14890
14892
14922
14942
14946
14950
14962
14965
14988
14989
15003
15026
15029
15036
15050
15055
15056
15058
15073
15079
15104
15116
15135
15146
15163
15194
15203
15204
15206
15208
15210
15217
15241
15248
15257
15260
15288
15309
15314
15316
15317
15320
15326
15334
15346
15349
15383
15384
15386
15389
15431
15458
15472
15487
15499
15507
15511
15540
15547
15556
15606
15613
15625
15638
15646
15654
15660
15661
15683
15685
15689
15696
15702
15705
15707
15720
15745
15747
15757
15769
15779
15786
15788
15803
15811
15824
15825
15826
15841
15842
15843
15847
15849
15857
15866
15877
15879
15881
15899
15908
15915
15921
15922
15927
15940
15962
15964
15965
16021
16027
16039
16047
16053
16054
16056
16059
16094
16105
16114
16148
16149
16169
16174
16176
16181
16203
16205
16213
16214
16220
16261
16262
16268
16273
16276
16282
16304
16341
16346
16348
16352
16375
16395
16400
16404
16414
16416
16420
16423
16430
16433
16435
16446
16452
16464
16468
16473
16484
16491
16499
16503
16508
16518
16522
16526
16531
16532
16549
16583
16592
16593
16597
16602
16603
16604
16607
16620
16626
16629
16632
16638
16648
16652
16663
16665
16668
16691
16701
16702
16710
16717
16735
16741
16770
16771
16772
16776
16785
16789
16803
16807
16817
16824
16826
16835
16842
16845
16865
16873
16883
16901
16902
16921
16937
16947
16972
16973
16975
16993
17014
17023
17062
17064
17081
17106
17114
17117
17136
17150
17158
17166
17169
17195
17224
17244
17262
17263
17268
17297
17300
17304
17320
17337
17341
17365
17380
17387
17395
17398
17404
17419
17442
17450
17455
17483
17487
17489
17490
17502
17503
17506
17529
17531
17535
17565
17574
17584
17590
17592
17596
17602
17614
17617
17634
17643
17646
17650
17651
17657
17679
17702
17714
17715
17720
17736
17751
17761
17766
17769
17777
17778
17779
17791
17795
17796
17801
17805
17821
17828
17844
17852
17863
17864
17894
17902
17935
17949
17959
17964
17975
17978
17982
17990
18003
18005
18011
18017
18019
18024
18031
18042
18051
18055
18058
18088
18103
18104
18106
18122
18125
18132
18144
18145
18148
18173
18186
18221
18254
18259
18268
18270
18271
18304
18308
18313
18314
18338
18346
18349
18350
18353
18354
18374
18380
18387
18389
18404
18411
18421
18431
18438
18439
18453
18454
18455
18464
18485
18494
18509
18518
18519
18520
18528
18532
18533
18540
18553
18557
18567
18571
18582
18597
18603
18606
18624
18633
18635
18637
18653
18654
18658
18661
18675
18685
18700
18703
18705
18706
18709
18722
18727
18730
18770
18781
18793
18804
18820
18824
18847
18855
18870
18871
18877
18878
18880
18882
18888
18889
18918
18928
18933
18938
18947
18956
18959
18976
18983
18988
18996
19013
19014
19023
19032
19042
19058
19070
19082
19086
19095
19106
19112
19114
19135
19161
19183
19192
19196
19232
19240
19241
19247
19257
19271
19272
19276
19284
19291
19296
19310
19333
19351
19369
19383
19386
19392
19401
19420
19431
19436
19452
19478
19487
19516
19522
19530
19535
19547
19561
19568
19574
19576
19584
19592
19610
19623
19637
19640
19642
19648
19649
19677
19682
19684
19697
19699
19711
19724
19726
19727
19736
19757
19764
19777
19787
19804
19809
19811
19817
19819
19827
19841
19842
19854
19864
19894
19898
19904
19908
19910
19918
19919
19920
19934
19945
19946
19947
19962
19965
19971
19982
19994
20014
20016
20034
20045
20060
20091
20099
20122
20124
20132
20143
20145
20167
20174
20186
20191
20211
20217
20221
20224
20228
20229
20244
20255
20269
20270
20273
20301
20309
20314
20326
20327
20329
20349
20350
20352
20360
20361
20363
20364
20389
20392
20399
20401
20406
20412
20431
20436
20441
20455
20460
20466
20485
20488
20510
20519
20529
20539
20541
20542
20543
20544
20549
20550
20551
20557
20560
20564
20568
20584
20596
20600
20609
20618
20620
20622
20637
20645
20649
20662
20663
20679
20685
20690
20699
20725
20727
20732
20738
20740
20752
20756
20760
20761
20778
20792
20804
20818
20822
20857
20885
20902
20911
20922
20927
20948
20962
20969
20978
20994
21006
21010
21019
21022
21038
21050
21066
21072
21073
21079
21087
21131
21132
21146
21147
21149
21153
21159
21160
21165
21170
21181
21188
21207
21208
21210
21214
21238
21250
21257
21264
21283
21290
21303
21313
21321
21332
21335
21339
21340
21344
21349
21352
21363
21389
21392
21395
21413
21423
21431
21437
21457
21459
21463
21469
21472
21478
21490
21496
21505
21506
21508
21514
21533
21548
21558
21563
21572
21575
21576
21582
21586
21596
21597
21606
21609
21610
21625
21626
21631
21635
21641
21647
21650
21661
21671
21713
21726
21730
21742
21755
21756
21762
21768
21786
21790
21796
21797
21804
21818
21830
21835
21852
21854
21855
21859
21865
21874
21884
21893
21894
21895
21904
21907
21912
21923
21932
21934
21936
21945
21946
21953
21977
21984
22006
22014
22021
22026
22027
22029
22039
22048
22056
22068
22084
22088
22094
22096
22102
22103
22109
22122
22129
22140
22161
22176
22184
22197
22210
22216
22221
22224
22237
22238
22266
22267
22269
22273
22297
22301
22309
22310
22315
22323
22333
22355
22356
22362
22369
22370
22372
22381
22383
22394
22398
22402
22407
22408
22419
22422
22443
22448
22455
22456
22459
22460
22475
22493
22494
22512
22521
22539
22553
22560
22564
22581
22587
22589
22592
22596
22603
22605
22607
22612
22613
22615
22617
22627
22635
22657
22661
22668
22673
22677
22683
22686
22712
22718
22721
22740
22752
22767
22772
22792
22808
22809
22816
22849
22866
22868
22898
22928
22936
22941
22942
22956
22960
22970
22983
22998
23007
23012
23014
23024
23027
23047
23049
23059
23085
23089
23097
23111
23132
23134
23136
23157
23173
23175
23185
23210
23216
23223
23231
23234
23242
23247
23252
23265
23289
23303
23306
23308
23312
23317
23320
23356
23360
23368
23373
23378
23383
23388
23397
23401
23403
23411
23414
23439
23454
23459
23460
23461
23466
23472
23477
23488
23501
23518
23543
23571
23572
23593
23600
23609
23614
23623
23632
23634
23653
23673
23682
23686
23687
23692
23709
23712
23718
23732
23754
23761
23769
23776
23777
23786
23799
23812
23815
23831
23840
23854
23859
23861
23868
23878
23889
23909
23911
23924
23925
23943
23944
23945
23949
23952
23972
23976
23985
23989
24005
24012
24025
24034
24041
24044
24052
24055
24072
24079
24081
24084
24095
24096
24150
24172
24174
24178
24179
24189
24207
24214
24237
24275
24281
24288
24290
24297
24325
24327
24329
24346
24358
24359
24361
24373
24397
24435
24437
24438
24444
24446
24453
24458
24461
24462
24465
24488
24490
24513
24544
24554
24555
24556
24572
24574
24575
24576
24580
24596
24603
24605
24606
24626
24638
24641
24649
24672
24681
24683
24705
24724
24727
24732
24749
24779
24791
24812
24831
24855
24863
24875
24882
24885
24901
24903
24907
24931
24949
24958
24973
24984
24989
25028
25030
25031
25041
25043
25044
25048
25052
25059
25062
25064
25070
25085
25097
25107
25109
25123
25128
25146
25174
25176
25180
25184
25192
25213
25220
25244
25255
25276
25278
25287
25288
25291
25296
25307
25323
25324
25340
25341
25368
25375
25376
25387
25391
25418
25423
25433
25435
25454
25467
25475
25504
25508
25514
25527
25544
25550
25555
25563
25566
25578
25583
25587
25596
25618
25624
25641
25653
25656
25706
25724
25740
25750
25764
25779
25784
25803
25831
25870
25885
25895
25914
25917
25925
25926
25934
25944
25950
25958
25996
26003
26011
26017
26035
26043
26044
26050
26062
26063
26065
26076
26078
26094
26113
26114
26116
26118
26125
26127
26130
26141
26151
26171
26172
26176
26189
26191
26201
26205
26215
26217
26224
26230
26307
26312
26320
26324
26328
26329
26350
26359
26372
26391
26408
26412
26418
26419
26426
26432
26443
26446
26459
26461
26466
26470
26473
26474
26475
26476
26477
26485
26496
26504
26511
26535
26540
26558
26568
26591
26597
26603
26615
26618
26625
26632
26641
26644
26651
26663
26664
26676
26690
26706
26721
26727
26729
26735
26744
26750
26751
26758
26773
26786
26789
26834
26854
26913
26932
26937
26940
26956
26960
26963
26969
26991
26999
27006
27008
27030
27037
27046
27059
27060
27065
27067
27072
27076
27084
27085
27087
27089
27092
27108
27130
27133
27147
27156
27158
27163
27178
27202
27203
27206
27219
27230
27231
27232
27251
27266
27268
27282
27289
27298
27309
27316
27334
27336
27338
27362
27363
27364
27365
27366
27367
27369
27371
27374
27376
27395
27415
27424
27441
27442
27449
27454
27459
27460
27465
27481
27488
27494
27496
27501
27505
27515
27531
27546
27564
27567
27586
27587
27589
27592
27601
27606
27609
27613
27629
27634
27637
27665
27674
27686
27697
27701
27717
27720
27743
27769
27783
27790
27803
27806
27811
27818
27821
27842
27861
27865
27866
27867
27870
27885
27886
27913
27917
27918
27927
27951
27952
27953
27958
27961
27969
27974
27987
27995
28007
28011
28027
28089
28098
28106
28120
28126
28129
28136
28147
28149
28165
28167
28183
28185
28200
28202
28208
28212
28218
28227
28240
28244
28245
28246
28286
28288
28290
28323
28326
28335
28337
28341
28342
28345
28346
28353
28354
28375
28381
28391
28400
28416
28417
28424
28425
28429
28445
28446
28447
28450
28451
28456
28467
28496
28511
28538
28558
28569
28576
28593
28595
28624
28625
28637
28645
28655
28677
28690
28694
28698
28702
28714
28718
28723
28728
28738
28744
28759
28763
28766
28778
28799
28804
28808
28826
28840
28841
28857
28884
28887
28897
28912
28918
28925
28932
28942
28957
28967
28985
28988
29003
29010
29029
29049
29050
29059
29069
29088
29093
29100
29118
29135
29137
29144
29150
29151
29156
29165
29169
29184
29207
29213
29215
29219
29229
29240
29253
29264
29281
29282
29286
29296
29300
29304
29306
29335
29371
29378
29380
29402
29405
29410
29411
29426
29427
29436
29439
29449
29450
29455
29457
29458
29469
29475
29497
29498
29509
29510
29523
29534
29549
29556
29565
29567
29574
29592
29593
29597
29603
29618
29621
29636
29641
29647
29651
29652
29656
29660
29670
29674
29675
29678
29699
29723
29735
29737
29739
29748
29759
29772
29774
29801
29803
29811
29813
29815
29819
29821
29834
29843
29855
29861
29877
29885
29897
29898
29900
29904
29913
29919
29928
29954
29959
29961
29991
30003
30011
30015
30023
30026
30061
30069
30071
30074
30088
30094
30095
30124
30131
30132
30141
30150
30154
30158
30170
30186
30189
30202
30209
30224
30231
30256
30267
30269
30270
30293
30299
30311
30334
30351
30360
30373
30376
30383
30388
30390
30421
30438
30440
30443
30444
30453
30455
30470
30482
30485
30490
30491
30502
30510
30513
30539
30550
30551
30575
30577
30580
30586
30593
30595
30601
30603
30610
30625
30627
30630
30653
30654
30663
30670
30715
30717
30720
30722
30724
30728
30740
30741
30744
30756
30762
30767
30774
30779
30781
30786
30794
30799
30807
30812
30822
30834
30866
30872
30901
30908
30923
30928
30929
30945
30947
30951
30955
30964
30970
30972
30973
30984
30986
30987
30990
30995
31002
31007
31013
31030
31037
31048
31059
31065
31071
31074
31078
31098
31118
31125
31140
31142
31172
31178
31184
31227
31238
31251
31258
31260
31263
31264
31269
31280
31311
31319
31330
31343
31351
31358
31363
31365
31382
31387
31399
31404
31412
31414
31435
31448
31457
31467
31473
31481
31486
31500
31502
31505
31518
31520
31531
31539
31564
31575
31590
31592
31604
31607
31611
31613
31621
31624
31630
31631
31637
31639
31651
31662
31669
31678
31686
31695
31704
31715
31728
31734
31735
31741
31747
31755
31775
31785
31832
31835
31836
31841
31851
31855
31857
31877
31893
31904
31925
31942
31962
31968
31975
31979
31997
32002
32004
32006
32012
32019
32036
32051
32057
32059
32067
32068
32073
32086
32089
32125
32140
32148
32149
32155
32160
32175
32200
32204
32209
32219
32220
32224
32229
32234
32236
32237
32238
32244
32265
32276
32278
32299
32306
32314
32315
32318
32322
32332
32337
32342
32353
32381
32382
32385
32397
32413
32431
32436
32450
32454
32476
32479
32495
32508
32509
32515
32525
32544
32560
32578
32589
32617
32625
32636
32665
32668
32685
32689
32693
32699
32709
32715
32716
32723
32735
32741
32744
32750
32753
32758
32771
32778
32798
32800
32818
32830
32866
32868
32872
32884
32892
32905
32915
32938
32939
32970
32973
32983
32985
33007
33013
33023
33039
33042
33043
33066
33077
33086
33088
33108
33122
33146
33152
33165
33200
33205
33211
33217
33230
33232
33233
33247
33256
33261
33262
33266
33287
33289
33292
33296
33298
33315
33318
33326
33331
33353
33355
33358
33366
33383
33384
33388
33402
33407
33408
33421
33439
33449
33462
33472
33483
33502
33519
33525
33526
33539
33548
33556
33566
33572
33580
33602
33624
33632
33636
33649
33650
33652
33662
33668
33675
33692
33705
33721
33740
33747
33761
33769
33773
33777
33782
33799
33824
33828
33832
33850
33860
33863
33870
33882
33883
33889
33910
33913
33919
33957
33958
33960
33961
33964
33971
33972
34005
34013
34016
34017
34027
34040
34044
34062
34067
34079
34103
34108
34112
34123
34125
34127
34144
34162
34167
34182
34196
34201
34202
34204
34207
34214
34217
34254
34267
34280
34288
34290
34303
34304
34311
34338
34339
34348
34350
34366
34372
34373
34375
34384
34393
34427
34449
34453
34460
34485
34493
34494
34500
34502
34503
34508
34511
34518
34528
34529
34548
34550
34556
34562
34568
34571
34572
34592
34624
34639
34650
34672
34674
34679
34680
34713
34721
34759
34783
34799
34826
34830
34838
34849
34865
34879
34885
34890
34904
34916
34923
34925
34929
34931
34934
34943
34955
34975
34992
34993
35032
35039
35043
35045
35062
35077
35091
35095
35108
35123
35130
35145
35149
35156
35166
35175
35177
35181
35182
35187
35191
35222
35243
35261
35280
35286
35296
35301
35308
35338
35340
35342
35345
35346
35356
35373
35383
35385
35401
35407
35417
35419
35423
35427
35430
35434
35437
35443
35448
35456
35458
35465
35475
35476
35485
35491
35493
35504
35506
35515
35517
35526
35553
35562
35566
35571
35572
35577
35588
35594
35613
35617
35666
35667
35674
35676
35696
35706
35714
35720
35722
35733
35737
35742
35751
35756
35764
35779
35806
35809
35813
35815
35822
35832
35835
35842
35847
35850
35854
35855
35861
35874
35889
35901
35907
35913
35919
35921
35925
35929
35931
35934
35935
35940
35942
35956
35966
35973
35981
36010
36011
36021
36023
36024
36025
36027
36029
36039
36044
36048
36057
36058
36066
36073
36082
36085
36095
36118
36140
36143
36146
36150
36158
36160
36165
36168
36171
36195
36209
36213
36221
36227
36228
36237
36263
36265
36267
36270
36275
36279
36283
36341
36344
36349
36368
36381
36382
36388
36391
36394
36398
36414
36425
36426
36431
36435
36437
36440
36453
36456
36458
36460
36463
36466
36469
36479
36482
36483
36484
36486
36488
36497
36499
36503
36516
36518
36524
36547
36549
36556
36561
36576
36580
36587
36589
36594
36598
36629
36635
36636
36645
36646
36668
36717
36721
36739
36749
36750
36752
36757
36769
36777
36789
36794
36839
36854
36866
36867
36870
36872
36873
36877
36879
36906
36930
36935
36953
36956
36974
36986
36995
36997
37005
37006
37021
37032
37037
37041
37069
37072
37074
37086
37093
37094
37111
37127
37132
37136
37137
37143
37160
37166
37182
37186
37187
37211
37226
37232
37240
37247
37260
37294
37296
37298
37301
37302
37305
37318
37334
37341
37342
37368
37387
37388
37391
37410
37417
37421
37432
37433
37436
37447
37464
37473
37509
37511
37518
37536
37547
37548
37550
37555
37561
37568
37574
37581
37622
37625
37626
37641
37648
37657
37684
37690
37718
37731
37737
37749
37762
37764
37776
37782
37790
37799
37809
37814
37816
37820
37833
37839
37843
37850
37854
37860
37867
37884
37886
37892
37924
37928
37931
37932
37943
37957
37972
37973
37975
37979
37983
37984
37987
37995
38006
38007
38010
38011
38026
38027
38032
38088
38089
38096
38098
38109
38121
38122
38134
38135
38163
38177
38189
38191
38196
38249
38282
38284
38285
38288
38289
38295
38298
38319
38350
38352
38353
38358
38388
38420
38425
38426
38434
38448
38460
38469
38473
38480
38484
38514
38515
38519
38529
38531
38534
38541
38543
38550
38559
38564
38567
38568
38577
38581
38582
38590
38595
38597
38605
38609
38621
38633
38650
38658
38659
38701
38713
38716
38721
38723
38724
38730
38768
38775
38776
38781
38782
38783
38814
38820
38822
38829
38835
38855
38859
38862
38871
38891
38905
38910
38935
38948
38949
38960
38961
38970
38985
38996
39002
39005
39014
39038
39043
39045
39050
39057
39059
39065
39066
39067
39068
39071
39080
39083
39087
39092
39105
39134
39152
39153
39158
39162
39168
39169
39178
39180
39183
39198
39199
39204
39205
39207
39216
39228
39230
39232
39239
39245
39254
39267
39271
39276
39278
39282
39307
39310
39332
39341
39355
39374
39383
39405
39407
39408
39415
39422
39426
39427
39432
39435
39437
39454
39455
39461
39464
39469
39479
39492
39497
39504
39530
39537
39578
39583
39589
39609
39618
39633
39637
39641
39642
39643
39658
39667
39672
39691
39692
39694
39705
39746
39748
39754
39769
39796
39805
39811
39818
39819
39825
39829
39844
39852
39894
39901
39914
39918
39944
39959
39968
39969
39983
39994
39995
40009
40010
40017
40025
40032
40076
40082
40086
40103
40111
40113
40119
40123
40127
40143
40163
40168
40183
40189
40190
40217
40231
40235
40247
40250
40253
40300
40319
40324
40346
40348
40350
40381
40388
40406
40410
40422
40435
40445
40447
40467
40472
40477
40490
40514
40516
40518
40538
40542
40546
40549
40550
40561
40569
40572
40575
40581
40582
40585
40588
40590
40627
40642
40647
40654
40670
40679
40683
40694
40697
40699
40711
40718
40728
40729
40741
40747
40748
40756
40779
40821
40834
40843
40847
40852
40864
40867
40869
40872
40876
40885
40902
40903
40905
40916
40917
40927
40931
40939
40945
40952
40956
40957
40965
40974
40978
40979
41008
41011
41012
41013
41019
41026
41048
41060
41065
41076
41085
41095
41107
41112
41113
41115
41117
41123
41125
41133
41134
41146
41158
41161
41165
41166
41170
41175
41184
41214
41220
41227
41239
41260
41272
41289
41307
41311
41312
41318
41321
41323
41341
41344
41345
41379
41393
41409
41414
41418
41466
41474
41475
41484
41521
41529
41531
41534
41535
41570
41573
41576
41580
41596
41600
41619
41626
41627
41632
41634
41639
41666
41671
41699
41700
41711
41727
41734
41735
41738
41757
41773
41774
41790
41796
41800
41807
41815
41827
41842
41848
41856
41861
41868
41873
41874
41879
41882
41884
41886
41895
41900
41906
41907
41927
41937
41949
41952
41960
41964
41972
41976
42000
42006
42008
42010
42014
42034
42045
42052
42062
42115
42121
42138
42152
42163
42173
42194
42211
42237
42272
42273
42296
42298
42305
42313
42321
42333
42358
42372
42374
42379
42384
42414
42426
42432
42434
42459
42461
42478
42503
42504
42524
42529
42546
42548
42576
42585
42588
42590
42594
42598
42609
42610
42617
42621
42627
42632
42634
42639
42648
42650
42659
42664
42670
42701
42706
42707
42711
42718
42727
42728
42742
42774
42798
42801
42816
42818
42832
42833
42835
42839
42842
42846
42847
42850
42852
42858
42874
42901
42913
42933
42936
42941
42943
42946
42985
42991
42993
43002
43022
43041
43052
43078
43081
43114
43120
43123
43132
43133
43147
43149
43152
43157
43171
43195
43229
43231
43235
43241
43247
43248
43253
43268
43281
43286
43306
43309
43311
43315
43326
43329
43333
43343
43360
43366
43368
43376
43384
43385
43394
43400
43406
43407
43408
43411
43422
43431
43433
43437
43438
43450
43453
43468
43475
43477
43518
43537
43549
43559
43560
43565
43574
43575
43584
43591
43597
43605
43607
43614
43616
43618
43622
43628
43688
43695
43710
43717
43719
43725
43726
43735
43740
43742
43754
43756
43757
43774
43777
43784
43795
43807
43826
43832
43836
43842
43860
43879
43884
43888
43907
43915
43927
43944
43949
43956
43958
43959
43966
43976
43978
44000
44001
44002
44006
44009
44014
44017
44047
44057
44061
44108
44109
44114
44129
44141
44143
44146
44170
44187
44200
44219
44229
44233
44244
44248
44257
44283
44294
44295
44297
44309
44320
44322
44329
44330
44342
44344
44345
44359
44375
44404
44408
44412
44414
44421
44423
44447
44453
44455
44461
44478
44490
44513
44517
44526
44550
44570
44593
44598
44613
44623
44625
44626
44628
44652
44658
44674
44680
44684
44698
44709
44720
44735
44741
44744
44748
44751
44761
44786
44804
44806
44811
44823
44838
44839
44846
44855
44879
44896
44898
44907
44912
44920
44931
44946
44953
44991
44995
45021
45022
45027
45029
45035
45050
45064
45067
45079
45097
45126
45133
45135
45137
45145
45157
45162
45168
45175
45180
45181
45192
45201
45209
45212
45214
45215
45273
45280
45288
45302
45337
45346
45358
45391
45396
45399
45405
45424
45430
45436
45437
45447
45454
45475
45490
45508
45509
45525
45529
45535
45556
45557
45563
45565
45585
45597
45599
45604
45613
45631
45641
45648
45686
45697
45700
45713
45717
45720
45721
45723
45762
45766
45773
45780
45781
45802
45805
45848
45861
45863
45869
45883
45885
45887
45901
45902
45908
45911
45918
45933
45938
45943
45945
45954
45960
45961
45964
45970
45980
45994
46008
46024
46027
46040
46043
46052
46053
46074
46077
46079
46085
46092
46103
46105
46126
46128
46132
46145
46149
46155
46158
46183
46197
46221
46222
46253
46263
46265
46288
46294
46306
46307
46325
46326
46330
46342
46389
46401
46408
46411
46426
46433
46450
46452
46453
46455
46461
46484
46491
46497
46502
46505
46555
46557
46561
46576
46586
46593
46600
46601
46609
46645
46660
46667
46671
46688
46707
46710
46711
46712
46716
46727
46737
46740
46743
46760
46781
46788
46797
46805
46811
46815
46825
46829
46838
46848
46849
46852
46877
46880
46883
46888
46893
46899
46902
46933
46950
46952
46957
46958
46981
46982
46989
46993
46999
47017
47057
47081
47083
47095
47103
47109
47127
47128
47144
47164
47167
47175
47179
47183
47187
47188
47191
47192
47194
47196
47201
47210
47234
47235
47239
47257
47259
47293
47305
47310
47326
47330
47333
47369
47398
47437
47443
47448
47498
47525
47527
47535
47541
47548
47559
47573
47583
47584
47599
47601
47612
47619
47647
47653
47671
47672
47690
47696
47727
47732
47736
47739
47760
47766
47785
47797
47810
47830
47833
47837
47838
47844
47864
47865
47887
47888
47892
47901
47908
47913
47919
47923
47947
47950
47979
47983
47984
47994
48007
48018
48019
48024
48032
48034
48042
48054
48060
48073
48079
48081
48085
48096
48099
48112
48123
48125
48138
48166
48167
48176
48205
48236
48238
48246
48255
48261
48265
48289
48302
48313
48330
48332
48336
48342
48352
48353
48365
48366
48397
48409
48417
48418
48445
48456
48459
48480
48491
48496
48512
48520
48521
48539
48548
48562
48576
48587
48593
48594
48601
48615
48638
48674
48684
48688
48701
48710
48711
48715
48726
48738
48749
48750
48754
48768
48774
48781
48782
48788
48824
48826
48838
48846
48851
48862
48885
48895
48919
48953
48963
48973
48983
48987
49016
49024
49048
49064
49085
49086
49089
49113
49120
49151
49161
49164
49168
49173
49203
49204
49207
49218
49223
49256
49262
49271
49296
49300
49317
49326
49365
49372
49375
49379
49382
49390
49404
49420
49421
49447
49462
49465
49495
49499
49500
49505
49506
49526
49533
49537
49538
49546
49553
49569
49576
49585
49590
49598
49614
49632
49671
49695
49698
49710
49727
49730
49731
49739
49752
49753
49754
49774
49775
49782
49785
49789
49794
49796
49814
49815
49823
49844
49849
49852
49869
49890
49893
49896
49935
49938
49939
49949
49957
49961
49976
49978
49979
49985
49991
49995
