200 200 182 134
142 72
62 68
2 150
143 107
4 177
134 144
171 142
122 36
158 15
136 105
8 12
112 110
104 46
166 125
167 198
27 44
104 57
61 19
183 115
176 109
175 127
185 150
172 47
70 184
13 80
60 53
100 98
162 184
95 9
154 113
199 20
173 184
63 55
161 105
136 194
59 89
0 117
85 35
145 24
158 187
8 68
138 31
83 140
7 168
127 104
49 70
189 27
148 122
117 198
115 30
102 100
24 75
94 160
47 171
92 151
123 196
24 187
90 156
160 32
160 95
30 137
2 86
104 114
14 131
159 117
61 157
98 116
135 162
138 62
159 85
60 166
131 28
182 81
164 91
191 186
123 172
71 63
183 138
48 4
92 167
84 195
195 88
112 145
129 139
36 1
36 48
9 77
8 95
105 82
103 81
41 60
137 23
162 3
84 11
50 51
82 62
140 151
130 117
146 94
42 39
150 90
154 7
20 108
48 57
130 15
13 10
97 88
23 125
185 178
133 98
35 58
110 85
143 188
2 8
113 106
107 91
120 151
193 158
34 173
45 150
9 63
37 162
118 164
96 112
195 74
134 173
118 102
49 195
23 19
54 148
17 107
172 122
61 129
67 106
190 192
12 64
86 41
64 28
185 77
11 152
82 75
32 72
26 124
43 16
135 94
51 124
34 116
45 25
175 64
35 193
30 145
146 183
190 31
192 106
35 97
0 102
131 84
80 102
102 30
14 18
31 76
159 51
147 149
194 83
44 12
31 20
40 106
67 13
99 7
130 10
189 72
102 179
100 150
192 80
18 82
14 136
130 120
161 46
177 103
117 57
143 152
135 71
107 110
54 142
26 193
64 46
126 105
68 104
50 28
75 25
35 123
51 32
199 1
91 115
29 13
168 17
93 168
191 194
157 133
153 90
