200 100 103 130
166 152
90 116
181 152
183 18
193 125
57 90
51 40
23 119
119 72
68 180
112 85
78 11
41 134
65 102
158 166
28 182
65 44
159 13
177 82
121 146
71 78
59 57
156 100
105 155
178 135
9 48
54 37
113 77
74 24
41 24
15 165
155 103
88 48
40 64
165 67
144 85
183 14
108 70
156 29
27 187
11 62
71 3
77 124
121 81
146 69
43 19
149 137
118 134
193 58
175 171
186 149
67 72
75 106
44 158
110 74
81 184
139 82
46 186
110 2
159 182
116 13
135 23
14 73
54 93
105 62
124 9
80 42
106 137
173 37
195 145
195 2
191 75
130 19
125 0
91 180
0 3
42 139
59 91
177 51
112 181
171 27
30 194
69 175
184 194
187 68
102 191
100 64
28 113
76 15
93 76
43 56
58 173
18 118
36 88
56 108
144 80
145 178
70 29
46 30
73 36
