147
1
4
7
8
9
10
11
12
13
14
15
16
17
18
19
20
21
22
23
24
27
28
29
30
31
32
33
35
36
37
38
39
41
42
44
45
48
49
51
53
55
56
57
58
59
61
62
64
66
67
68
69
71
76
79
80
81
85
86
87
88
89
90
92
93
94
95
96
97
98
99
100
101
102
103
104
105
107
108
111
112
113
115
116
117
118
119
120
121
122
123
124
125
126
127
128
129
130
131
132
133
134
136
137
138
142
143
145
146
147
148
149
150
151
152
153
155
156
157
158
159
160
161
162
165
166
169
174
175
176
177
178
181
182
183
184
186
187
188
191
192
193
194
195
196
198
199
