200 100 63 106
6 16
35 64
47 164
173 82
84 52
79 185
87 191
133 61
180 170
41 43
22 142
0 106
189 167
141 168
44 185
83 46
138 176
134 132
197 135
26 40
190 163
6 168
171 60
91 60
2 86
144 72
41 107
92 144
25 141
75 74
60 162
2 180
167 65
12 116
16 113
84 73
171 141
109 6
189 179
80 61
47 82
189 75
70 185
72 83
157 149
52 127
197 65
174 94
109 164
157 89
100 142
118 67
78 54
2 163
56 33
184 149
82 133
25 5
123 11
34 91
114 76
22 70
81 35
43 26
68 113
15 174
3 114
145 99
172 2
57 56
3 135
140 110
60 172
63 185
129 79
47 108
95 181
168 46
82 179
52 34
78 154
69 67
190 77
154 50
139 144
140 74
197 147
73 0
5 54
178 53
139 50
70 43
97 3
179 67
2 38
28 170
173 110
114 77
10 138
170 40
