200 500 74 88
108 117
182 184
79 115
197 159
42 120
76 109
91 92
74 114
98 59
63 17
70 147
71 98
32 67
114 30
80 186
158 70
142 35
68 175
9 130
98 4
37 88
97 39
123 182
178 149
18 187
95 181
44 127
172 18
40 148
45 9
198 99
8 42
24 26
56 75
187 158
0 147
19 22
47 138
83 35
24 14
191 65
117 51
190 6
127 29
55 37
113 18
122 16
122 2
142 84
10 51
138 192
105 9
101 191
22 98
82 120
160 181
82 182
34 40
156 62
86 198
160 165
41 35
41 54
59 147
79 105
155 134
100 169
16 134
130 172
5 156
133 179
109 6
126 108
62 147
149 91
41 50
72 73
79 177
10 72
97 173
37 179
52 192
161 137
14 9
63 118
103 47
62 56
27 79
69 164
31 199
22 41
108 183
40 134
26 165
164 64
162 64
188 117
51 44
10 124
173 13
32 128
129 109
135 77
92 94
156 159
14 198
67 56
185 94
10 103
42 154
21 75
64 121
36 141
39 27
86 197
94 13
26 100
151 10
38 45
15 77
143 17
145 129
163 28
54 149
68 1
28 189
170 190
190 20
178 70
6 124
87 52
146 167
57 180
140 15
21 104
178 105
144 84
158 69
64 163
110 147
27 148
163 81
158 8
103 105
60 197
67 94
187 145
116 110
193 65
36 4
12 139
18 156
133 28
187 181
76 26
140 81
165 23
122 192
199 192
191 41
135 140
57 22
26 79
157 188
39 147
21 85
67 95
73 96
114 164
19 156
26 113
173 129
77 11
39 155
91 108
115 28
135 187
99 183
47 37
43 171
161 1
72 96
149 28
66 163
161 125
14 177
8 199
182 56
95 129
107 15
62 59
172 163
88 186
35 124
5 52
111 119
171 183
10 123
34 134
36 193
81 13
109 165
184 128
26 146
46 144
36 23
67 82
136 0
191 169
192 193
125 114
84 119
109 57
49 101
114 166
23 131
18 16
111 69
27 128
183 188
176 154
87 113
8 61
5 72
60 14
41 16
198 25
133 195
66 8
174 136
95 40
115 66
37 89
174 61
152 50
188 86
85 47
124 44
67 119
6 97
109 142
118 22
91 0
42 176
135 25
17 157
62 117
138 119
107 74
30 142
149 198
135 145
29 99
160 36
198 92
75 43
169 34
24 95
106 118
132 69
15 108
144 66
125 98
181 91
9 181
84 191
3 31
186 0
82 77
36 190
106 170
82 175
178 44
34 192
144 175
178 78
49 164
7 73
12 160
6 14
68 74
43 191
180 36
57 123
43 155
189 117
109 131
149 10
139 93
35 116
121 142
156 26
109 63
61 120
43 92
130 132
56 87
113 75
65 22
22 45
150 132
95 103
109 147
121 63
49 144
161 48
68 107
194 117
109 196
65 81
187 70
101 156
193 74
68 176
138 123
178 196
177 2
89 41
60 177
136 98
181 3
129 47
131 102
136 173
168 29
174 36
153 140
170 51
186 36
52 156
142 151
195 46
80 164
127 43
0 11
23 63
52 9
113 55
12 30
36 79
184 23
148 114
145 6
129 178
3 53
152 103
42 156
23 3
147 1
49 110
191 17
60 34
163 69
188 48
27 125
179 91
56 169
2 173
139 154
163 159
6 149
178 135
26 163
177 65
35 85
196 100
22 107
188 19
25 71
134 91
171 80
92 49
178 11
146 198
26 121
110 160
55 94
142 19
148 14
22 145
52 0
125 33
43 26
187 124
170 135
109 138
128 40
103 118
165 36
123 24
97 16
141 183
161 150
148 192
126 11
125 172
15 148
51 30
151 127
108 129
50 44
51 99
186 141
28 80
13 181
105 5
52 135
130 142
68 76
0 20
64 13
55 141
136 110
94 26
4 121
179 78
192 104
38 197
128 87
175 18
115 148
48 89
5 144
170 153
48 127
104 177
88 47
97 43
112 191
168 189
177 179
93 178
121 145
1 193
107 129
123 193
51 9
49 35
39 30
189 182
112 122
196 92
109 98
155 34
37 148
105 55
68 112
91 87
174 142
58 112
182 63
61 52
21 26
187 185
43 46
198 52
106 176
35 131
24 180
92 122
76 64
101 35
73 190
40 48
72 152
55 35
60 132
45 82
165 37
187 88
80 130
56 81
91 116
72 148
175 139
104 105
156 115
45 79
122 97
152 39
127 124
1 182
162 123
10 33
20 90
113 42
182 144
158 156
27 170
120 80
106 183
25 20
184 46
140 94
22 16
147 38
29 120
1 194
130 78
170 127
