200 500 78 132
69 139
187 47
17 164
76 198
137 5
167 82
166 11
99 176
36 22
146 184
135 165
165 189
129 89
11 67
103 111
43 150
168 24
14 133
108 1
14 137
90 170
133 63
43 101
45 131
118 104
153 87
141 55
138 82
73 137
16 179
37 142
17 57
181 84
92 141
39 114
9 60
152 79
16 181
78 38
134 179
45 177
156 147
15 41
186 63
53 86
168 30
122 129
39 49
185 43
83 94
178 125
25 111
110 94
165 27
101 51
73 19
67 190
86 95
196 190
89 187
105 179
55 195
169 166
68 27
120 37
151 21
132 198
186 68
40 86
68 42
119 192
177 43
194 130
50 89
21 11
18 16
40 138
62 177
2 144
40 60
120 113
96 54
186 41
53 6
44 10
81 27
79 20
32 10
23 173
2 154
114 153
51 194
23 42
95 25
95 159
93 140
83 168
161 24
135 161
144 116
11 82
110 123
89 42
121 11
60 165
58 136
157 189
143 10
79 97
116 64
146 95
166 144
72 76
169 197
62 43
31 156
168 148
53 59
99 66
91 135
8 127
57 15
180 23
65 128
82 40
90 64
124 46
155 151
29 162
173 14
189 60
98 161
157 195
85 165
9 84
119 122
97 178
173 27
7 72
127 66
5 117
152 21
60 171
189 82
40 139
119 74
132 16
142 98
136 75
120 80
184 113
155 103
157 163
140 152
180 1
33 136
177 100
188 98
104 178
190 49
193 77
99 59
144 19
59 196
55 46
161 0
132 100
60 198
26 32
135 92
75 40
83 165
180 170
194 72
79 62
95 32
70 181
61 177
115 18
74 25
119 5
167 35
66 35
183 92
198 66
34 167
66 133
127 194
145 158
159 199
182 99
138 150
159 128
51 8
81 151
120 131
20 124
137 56
16 126
76 58
149 117
188 116
123 157
195 150
115 58
140 79
123 143
67 108
133 38
2 12
191 52
154 148
27 85
54 97
108 36
164 165
118 110
70 135
28 59
65 125
197 82
8 186
71 26
33 54
35 121
102 162
159 107
25 81
192 62
94 115
9 188
37 80
169 38
89 100
122 105
141 171
55 30
92 52
124 199
8 164
53 7
178 140
29 37
30 154
72 129
134 196
29 36
23 163
38 33
66 108
38 163
119 94
169 21
18 73
68 62
195 171
101 2
111 179
17 77
127 139
17 194
54 151
31 38
148 81
190 79
123 36
54 29
24 188
66 22
58 48
160 192
156 17
131 152
182 169
146 58
144 40
182 75
17 159
147 98
47 35
83 135
102 44
159 166
52 37
148 73
162 66
161 136
48 93
119 31
49 96
174 147
159 138
87 148
126 175
23 126
144 145
197 194
188 97
196 102
9 42
163 28
61 156
82 90
199 168
4 114
106 172
107 101
13 162
131 51
195 3
156 3
198 191
102 106
0 133
54 45
152 117
40 131
15 1
174 162
18 86
163 137
125 100
112 111
133 62
34 45
105 94
63 176
182 27
111 126
66 189
35 122
149 106
73 33
106 13
185 128
24 74
155 33
17 64
190 47
167 120
174 4
30 195
0 88
187 27
65 71
54 188
169 149
17 29
35 180
63 185
91 95
149 141
183 90
175 76
42 77
183 36
102 67
55 97
6 124
145 162
24 45
33 140
176 34
64 48
74 109
0 4
113 154
93 29
69 186
65 20
7 168
57 140
150 96
175 87
185 91
197 3
101 180
160 120
66 69
7 73
127 80
128 92
163 132
69 61
29 89
55 138
92 164
92 8
30 71
91 169
136 56
20 99
59 29
65 34
148 88
184 125
49 36
6 126
130 97
88 105
181 99
77 143
110 183
80 44
6 86
179 187
142 137
85 127
17 176
12 152
119 27
137 138
156 101
109 173
8 24
50 154
121 195
140 62
170 60
104 88
183 132
156 26
194 152
117 180
79 14
32 43
18 13
31 109
48 68
17 198
93 70
45 41
26 142
105 143
39 191
97 98
172 144
1 45
140 197
55 58
157 183
122 15
167 3
186 121
93 57
58 5
75 33
142 72
95 125
146 64
148 128
136 176
84 130
195 112
165 199
172 179
54 13
112 113
117 126
117 40
93 12
119 110
7 132
52 138
13 40
82 160
173 161
47 48
80 158
151 99
116 141
61 192
90 78
3 67
70 81
86 103
9 23
140 145
5 113
82 97
169 172
93 72
152 31
74 60
50 199
83 41
110 99
165 155
21 147
71 176
72 111
131 193
33 154
126 22
171 189
193 148
15 109
188 14
5 40
187 36
