200 500 126 188
68 41
107 9
67 68
102 69
164 183
67 61
183 55
5 182
31 131
127 193
72 31
116 165
64 196
2 173
83 95
92 72
175 115
189 179
178 60
92 32
159 135
43 197
6 104
127 125
13 184
182 82
54 62
31 196
20 196
7 95
84 172
1 165
152 114
18 118
138 66
44 46
171 75
125 69
191 182
17 55
189 105
172 24
28 48
36 156
126 103
43 53
105 123
68 39
92 123
89 97
80 176
7 15
166 158
89 34
92 6
177 167
33 17
105 102
44 43
63 95
160 116
76 33
24 187
31 52
130 87
126 84
126 53
138 111
178 119
61 37
33 62
51 164
96 84
135 51
142 67
100 115
32 81
10 186
142 107
101 102
182 176
84 59
25 129
167 180
111 18
116 12
31 150
145 46
57 12
198 135
90 91
43 54
164 71
178 112
51 197
186 179
137 141
159 199
117 65
194 85
127 94
104 89
9 54
129 44
30 62
154 184
187 16
60 192
175 41
197 70
148 174
185 180
141 62
117 88
107 92
85 55
26 83
2 113
34 71
96 93
128 22
188 53
186 30
6 62
37 149
42 101
99 18
161 88
159 26
145 120
120 137
126 32
52 110
46 195
132 40
13 149
181 2
193 165
142 185
82 42
150 143
123 95
168 83
179 130
130 186
34 123
85 34
28 164
136 178
147 126
191 96
55 113
122 72
95 159
84 169
197 29
14 60
123 130
124 81
185 151
65 175
70 63
80 6
141 90
188 109
108 80
82 121
30 171
8 122
84 119
17 32
129 153
178 105
57 168
67 16
173 0
13 39
118 161
140 28
76 198
84 6
30 98
142 5
131 28
89 27
2 23
23 40
120 166
98 155
179 110
126 102
53 48
61 174
7 119
168 51
63 45
137 26
169 145
168 43
93 182
85 193
166 101
179 54
120 29
51 105
8 11
197 48
7 150
88 70
22 162
18 87
72 119
5 91
11 88
117 96
179 68
68 120
133 128
68 174
30 139
193 119
125 80
134 10
101 131
102 56
92 165
16 133
146 135
82 145
39 151
56 51
82 13
98 93
128 183
170 90
151 196
185 40
16 15
115 47
135 10
63 89
72 156
107 166
5 58
120 123
18 106
188 163
113 116
50 80
133 169
13 199
109 123
30 14
6 3
50 57
1 156
92 153
104 52
188 154
93 132
85 23
58 37
178 90
90 96
157 79
102 147
27 126
98 13
36 94
42 27
3 4
37 35
33 14
99 127
47 180
45 44
84 170
183 162
68 107
1 144
128 156
154 121
190 56
139 142
106 182
129 75
25 131
27 178
141 94
49 163
118 24
9 150
180 35
47 177
143 106
158 135
116 81
77 118
22 96
7 96
56 95
47 116
49 169
41 133
9 174
53 186
148 19
77 163
102 107
34 154
36 183
146 176
14 120
58 81
35 151
97 94
127 178
199 168
116 175
5 47
2 116
89 25
192 126
174 198
127 182
59 23
165 157
150 10
127 64
65 114
42 199
52 112
26 23
131 95
98 181
43 60
32 66
174 67
75 173
93 179
107 54
188 42
156 123
32 25
169 121
175 138
153 20
3 98
157 51
41 153
42 158
16 115
55 127
119 92
15 165
119 103
178 88
114 54
48 183
93 82
69 20
40 9
99 26
111 131
71 86
96 197
193 166
133 84
152 122
136 2
78 15
27 58
116 3
61 97
20 121
184 5
185 125
115 155
154 165
23 24
58 117
189 42
108 59
35 123
119 118
54 87
105 13
89 114
136 12
66 142
130 101
166 155
124 33
56 182
124 183
19 182
171 172
150 56
148 51
146 45
18 120
157 15
2 63
36 130
182 45
115 105
149 155
120 134
86 163
151 165
2 7
165 131
10 35
8 52
134 184
54 4
141 155
106 141
66 85
111 2
83 35
88 62
64 99
27 165
73 21
48 168
136 165
42 1
11 126
173 160
130 127
48 0
149 143
107 196
106 144
54 155
166 150
75 57
132 164
128 187
9 191
63 155
25 153
140 114
16 112
33 164
185 140
39 177
91 11
3 175
113 196
191 188
105 61
158 19
88 151
43 16
161 153
150 191
76 165
155 65
131 156
153 132
45 116
115 36
195 87
38 40
57 107
68 55
145 141
177 192
163 194
33 64
18 40
40 170
105 49
116 14
127 30
72 38
169 191
84 124
103 129
127 73
195 112
61 132
165 90
185 120
71 12
34 3
62 147
33 2
185 81
162 174
199 55
113 46
56 126
42 154
186 105
164 133
154 4
57 64
